[1.56355481E12, 1.15225850765324288E18, 13.0, 21.0, 0.0, 0.0, 0.0, 0.0, 0.0, 0.0, 0.0, 8.0, 0.0, 0.0, 0.0, 0.0, 0.0, 48.0, 2358.0, 2356.0, 0.0, 69.0, 0.0, 0.0, 0.0, 0.0]
[1.563553508E12, 1.15225304379206861E18, 15.0, 37.0, 0.0, 0.0, 0.0, 0.0, 0.0, 0.0, 0.0, 10.0, 0.0, 0.0, 0.0, 0.0, 0.0, 56.0, 5625.0, 5814.0, 0.0, 207.0, 0.0, 0.0, 0.0, 0.0]
[1.563553965E12, 1.15225496272809165E18, 20.0, 36.0, 0.0, 0.0, 0.0, 0.0, 0.0, 0.0, 0.0, 11.0, 0.0, 0.0, 0.0, 0.0, 0.0, 71.0, 81707.0, 105812.0, 0.0, 1886.0, 0.0, 0.0, 0.0, 0.0]
[1.563547886E12, 1.15222946335629722E18, 2.0, 62.0, 0.0, 0.0, 0.0, 0.0, 0.0, 0.0, 0.0, 29.0, 0.0, 0.0, 0.0, 0.0, 0.0, 78.0, 528.0, 5.0, 0.0, 21.0, 0.0, 0.0, 0.0, 0.0]
[1.563544839E12, 1.15221668470032794E18, 10.0, 39.0, 0.0, 0.0, 0.0, 0.0, 0.0, 0.0, 0.0, 10.0, 0.0, 0.0, 0.0, 0.0, 0.0, 45.0, 1255.0, 627.0, 0.0, 43.0, 0.0, 0.0, 0.0, 0.0]
[1.563556058E12, 1.15226374098261606E18, 8.0, 44.0, 0.0, 0.0, 0.0, 0.0, 0.0, 0.0, 0.0, 9.0, 0.0, 0.0, 0.0, 0.0, 0.0, 49.0, 16832.0, 14482.0, 0.0, 408.0, 0.0, 0.0, 0.0, 0.0]
[1.563555705E12, 1.15226226110232576E18, 8.0, 10.0, 0.0, 0.0, 0.0, 0.0, 0.0, 0.0, 0.0, 11.0, 0.0, 0.0, 0.0, 0.0, 0.0, 59.0, 3482.0, 3661.0, 0.0, 48.0, 0.0, 0.0, 0.0, 0.0]
[1.563555798E12, 1.15226264924319744E18, 17.0, 28.0, 0.0, 0.0, 0.0, 0.0, 0.0, 0.0, 0.0, 4.0, 0.0, 0.0, 0.0, 0.0, 0.0, 34.0, 898.0, 1942.0, 0.0, 26.0, 0.0, 0.0, 0.0, 0.0]
[1.563556067E12, 1.15226378012818637E18, 20.0, 26.0, 0.0, 0.0, 0.0, 0.0, 0.0, 0.0, 0.0, 5.0, 0.0, 0.0, 0.0, 0.0, 0.0, 31.0, 446.0, 1985.0, 0.0, 6.0, 0.0, 0.0, 0.0, 0.0]
[1.56355074E12, 1.15224143554403942E18, 38.0, 21.0, 0.0, 0.0, 0.0, 0.0, 0.0, 0.0, 0.0, 9.0, 0.0, 0.0, 0.0, 0.0, 0.0, 46.0, 88.0, 37.0, 0.0, 12.0, 0.0, 0.0, 0.0, 0.0]
[1.563535076E12, 1.15217573554681037E18, 5.0, 61.0, 0.0, 0.0, 0.0, 0.0, 0.0, 0.0, 0.0, 18.0, 0.0, 0.0, 0.0, 0.0, 0.0, 93.0, 6986.0, 786.0, 0.0, 474.0, 0.0, 0.0, 0.0, 0.0]
[1.563542458E12, 1.15220669756760883E18, 1.0, 54.0, 0.0, 0.0, 0.0, 0.0, 0.0, 0.0, 0.0, 44.0, 0.0, 0.0, 0.0, 0.0, 0.0, 214.0, 1118.0, 3.0, 0.0, 37.0, 0.0, 0.0, 0.0, 0.0]
[1.563536954E12, 1.15218361083910963E18, 13.0, 46.0, 0.0, 0.0, 0.0, 0.0, 0.0, 0.0, 0.0, 59.0, 0.0, 0.0, 0.0, 0.0, 0.0, 279.0, 1465.0, 272.0, 0.0, 33.0, 0.0, 0.0, 0.0, 0.0]
[1.563543804E12, 1.15221234271909478E18, 13.0, 19.0, 0.0, 0.0, 0.0, 0.0, 0.0, 0.0, 0.0, 5.0, 0.0, 0.0, 0.0, 0.0, 0.0, 31.0, 3686.0, 3499.0, 0.0, 29.0, 0.0, 0.0, 0.0, 0.0]
[1.563541809E12, 1.15220397788858368E18, 23.0, 37.0, 0.0, 0.0, 0.0, 0.0, 0.0, 0.0, 0.0, 21.0, 0.0, 0.0, 0.0, 0.0, 0.0, 109.0, 4597.0, 2140.0, 0.0, 205.0, 0.0, 0.0, 0.0, 0.0]
[1.563555842E12, 1.15226283315923354E18, 11.0, 25.0, 0.0, 0.0, 0.0, 0.0, 0.0, 0.0, 0.0, 7.0, 0.0, 0.0, 0.0, 0.0, 0.0, 48.0, 7.0, 43.0, 0.0, 0.0, 0.0, 0.0, 0.0, 0.0]
[1.563544161E12, 1.15221384227919462E18, 1.0, 71.0, 0.0, 0.0, 0.0, 0.0, 0.0, 0.0, 0.0, 10.0, 0.0, 0.0, 0.0, 0.0, 0.0, 58.0, 0.0, 0.0, 0.0, 0.0, 0.0, 0.0, 0.0, 0.0]
[1.563540567E12, 1.15219876664204902E18, 20.0, 4.0, 0.0, 0.0, 0.0, 0.0, 0.0, 0.0, 0.0, 8.0, 0.0, 0.0, 0.0, 0.0, 0.0, 39.0, 108.0, 295.0, 0.0, 0.0, 0.0, 0.0, 0.0, 0.0]
[1.563554129E12, 1.15225564854711501E18, 17.0, 39.0, 0.0, 0.0, 0.0, 0.0, 0.0, 0.0, 0.0, 17.0, 0.0, 0.0, 0.0, 0.0, 0.0, 81.0, 1574.0, 2060.0, 0.0, 0.0, 0.0, 0.0, 0.0, 0.0]
[1.563544565E12, 1.15221553639619789E18, 6.0, 22.0, 0.0, 0.0, 0.0, 0.0, 0.0, 0.0, 0.0, 9.0, 0.0, 0.0, 0.0, 0.0, 0.0, 47.0, 79598.0, 88.0, 0.0, 315.0, 0.0, 0.0, 0.0, 0.0]
[1.563539917E12, 1.15219604167404339E18, 27.0, 18.0, 0.0, 0.0, 0.0, 0.0, 0.0, 0.0, 0.0, 26.0, 0.0, 0.0, 0.0, 0.0, 0.0, 109.0, 45.0, 15.0, 0.0, 0.0, 0.0, 0.0, 0.0, 0.0]
[1.563535321E12, 1.15217676363777638E18, 2.0, 62.0, 0.0, 0.0, 0.0, 0.0, 0.0, 0.0, 0.0, 133.0, 0.0, 0.0, 0.0, 0.0, 0.0, 252.0, 9407.0, 9069.0, 0.0, 176.0, 0.0, 0.0, 0.0, 0.0]
[1.563539827E12, 1.15219566384692019E18, 6.0, 36.0, 0.0, 0.0, 0.0, 0.0, 0.0, 0.0, 0.0, 13.0, 0.0, 0.0, 0.0, 0.0, 0.0, 66.0, 58.0, 679.0, 0.0, 1.0, 0.0, 0.0, 0.0, 0.0]
[1.563555843E12, 1.1522628395890688E18, 2.0, 59.0, 0.0, 0.0, 0.0, 0.0, 0.0, 0.0, 0.0, 11.0, 0.0, 0.0, 0.0, 0.0, 0.0, 60.0, 1700.0, 407.0, 0.0, 42.0, 0.0, 0.0, 0.0, 0.0]
[1.563555706E12, 1.1522622664039383E18, 24.0, 34.0, 0.0, 0.0, 0.0, 0.0, 0.0, 0.0, 0.0, 8.0, 0.0, 0.0, 0.0, 0.0, 0.0, 41.0, 6780.0, 6761.0, 0.0, 323.0, 0.0, 0.0, 0.0, 0.0]
[1.56354585E12, 1.15222092507876966E18, 4.0, 42.0, 0.0, 0.0, 0.0, 0.0, 0.0, 0.0, 0.0, 15.0, 0.0, 0.0, 0.0, 0.0, 0.0, 82.0, 1392.0, 1458.0, 0.0, 139.0, 0.0, 0.0, 0.0, 0.0]
[1.563548527E12, 1.15223215473197056E18, 1.0, 64.0, 0.0, 0.0, 0.0, 0.0, 0.0, 0.0, 0.0, 8.0, 0.0, 0.0, 0.0, 0.0, 0.0, 47.0, 43754.0, 106.0, 0.0, 1789.0, 0.0, 0.0, 0.0, 0.0]
[1.563542748E12, 1.15220791631489434E18, 5.0, 21.0, 0.0, 0.0, 0.0, 0.0, 0.0, 0.0, 0.0, 12.0, 0.0, 0.0, 0.0, 0.0, 0.0, 58.0, 123.0, 262.0, 0.0, 0.0, 0.0, 0.0, 0.0, 0.0]
[1.563546053E12, 1.1522217753941975E18, 4.0, 56.0, 0.0, 0.0, 0.0, 0.0, 0.0, 0.0, 0.0, 57.0, 0.0, 0.0, 0.0, 0.0, 0.0, 270.0, 571.0, 884.0, 0.0, 11.0, 0.0, 0.0, 0.0, 0.0]
[1.563548922E12, 1.15223381039988326E18, 3.0, 63.0, 0.0, 0.0, 0.0, 0.0, 0.0, 0.0, 0.0, 33.0, 0.0, 0.0, 0.0, 0.0, 0.0, 65.0, 2294.0, 4121.0, 0.0, 40.0, 0.0, 0.0, 0.0, 0.0]
[1.563540871E12, 1.15220004104769126E18, 24.0, 39.0, 0.0, 0.0, 0.0, 0.0, 0.0, 0.0, 0.0, 9.0, 0.0, 0.0, 0.0, 0.0, 0.0, 57.0, 8015.0, 31.0, 0.0, 776.0, 0.0, 0.0, 0.0, 0.0]
[1.563554303E12, 1.15225637794904474E18, 7.0, 51.0, 0.0, 0.0, 0.0, 0.0, 0.0, 0.0, 0.0, 13.0, 0.0, 0.0, 0.0, 0.0, 0.0, 60.0, 1747.0, 4059.0, 0.0, 17.0, 0.0, 0.0, 0.0, 0.0]
[1.563535289E12, 1.15217663048126874E18, 5.0, 63.0, 0.0, 0.0, 0.0, 0.0, 0.0, 0.0, 0.0, 31.0, 0.0, 0.0, 0.0, 0.0, 0.0, 149.0, 238.0, 95.0, 0.0, 0.0, 0.0, 0.0, 0.0, 0.0]
[1.563546245E12, 1.15222258088910029E18, 3.0, 58.0, 0.0, 0.0, 0.0, 0.0, 0.0, 0.0, 0.0, 13.0, 0.0, 0.0, 0.0, 0.0, 0.0, 64.0, 2858.0, 2569.0, 0.0, 16.0, 0.0, 0.0, 0.0, 0.0]
[1.563545588E12, 1.1522198276852695E18, 4.0, 38.0, 0.0, 0.0, 0.0, 0.0, 0.0, 0.0, 0.0, 13.0, 0.0, 0.0, 0.0, 0.0, 0.0, 66.0, 2377141.0, 2332.0, 0.0, 13518.0, 0.0, 0.0, 0.0, 0.0]
[1.563535207E12, 1.15217628725296333E18, 15.0, 3.0, 0.0, 0.0, 0.0, 0.0, 0.0, 0.0, 0.0, 18.0, 0.0, 0.0, 0.0, 0.0, 0.0, 94.0, 121.0, 805.0, 0.0, 7.0, 0.0, 0.0, 0.0, 0.0]
[1.563535157E12, 1.15217607635477709E18, 6.0, 68.0, 0.0, 0.0, 0.0, 0.0, 0.0, 0.0, 0.0, 16.0, 0.0, 0.0, 0.0, 0.0, 0.0, 69.0, 413.0, 343.0, 0.0, 10.0, 0.0, 0.0, 0.0, 0.0]
[1.5635479E12, 1.15222952173683917E18, 5.0, 31.0, 0.0, 0.0, 0.0, 0.0, 0.0, 0.0, 0.0, 8.0, 0.0, 0.0, 0.0, 0.0, 0.0, 52.0, 251.0, 242.0, 0.0, 6.0, 0.0, 0.0, 0.0, 0.0]
[1.563538088E12, 1.15218836795136819E18, 1.0, 64.0, 0.0, 0.0, 0.0, 0.0, 0.0, 0.0, 0.0, 30.0, 0.0, 0.0, 0.0, 0.0, 0.0, 174.0, 2174.0, 1.0, 0.0, 73.0, 0.0, 0.0, 0.0, 0.0]
[1.563553068E12, 1.15225119971597926E18, 3.0, 62.0, 0.0, 0.0, 0.0, 0.0, 0.0, 0.0, 0.0, 49.0, 0.0, 0.0, 0.0, 0.0, 0.0, 196.0, 155.0, 122.0, 0.0, 1.0, 0.0, 0.0, 0.0, 0.0]
[1.563546133E12, 1.15222211165134029E18, 13.0, 49.0, 0.0, 0.0, 0.0, 0.0, 0.0, 0.0, 0.0, 9.0, 0.0, 0.0, 0.0, 0.0, 0.0, 53.0, 2047.0, 1066.0, 0.0, 65.0, 0.0, 0.0, 0.0, 0.0]
[1.563539471E12, 1.15219417124094362E18, 11.0, 16.0, 0.0, 0.0, 0.0, 0.0, 0.0, 0.0, 0.0, 15.0, 0.0, 0.0, 0.0, 0.0, 0.0, 58.0, 86.0, 2.0, 0.0, 1.0, 0.0, 0.0, 0.0, 0.0]
[1.563552626E12, 1.15224934530932326E18, 5.0, 63.0, 0.0, 0.0, 0.0, 0.0, 0.0, 0.0, 0.0, 14.0, 0.0, 0.0, 0.0, 0.0, 0.0, 69.0, 8042.0, 1402.0, 0.0, 1230.0, 0.0, 0.0, 0.0, 0.0]
[1.563542445E12, 1.15220664473611878E18, 10.0, 51.0, 0.0, 0.0, 0.0, 0.0, 0.0, 0.0, 0.0, 14.0, 0.0, 0.0, 0.0, 0.0, 0.0, 60.0, 2927.0, 1213.0, 0.0, 12.0, 0.0, 0.0, 0.0, 0.0]
[1.563539432E12, 1.15219400587626086E18, 4.0, 62.0, 0.0, 0.0, 0.0, 0.0, 0.0, 0.0, 0.0, 28.0, 0.0, 0.0, 0.0, 0.0, 0.0, 142.0, 1094802.0, 6211.0, 0.0, 6152.0, 0.0, 0.0, 0.0, 0.0]
[1.563542178E12, 1.15220552597679309E18, 45.0, 14.0, 0.0, 0.0, 0.0, 0.0, 0.0, 0.0, 0.0, 43.0, 0.0, 0.0, 0.0, 0.0, 0.0, 168.0, 1701.0, 82.0, 0.0, 20.0, 0.0, 0.0, 0.0, 0.0]
[1.563538177E12, 1.1521887421631488E18, 7.0, 48.0, 0.0, 0.0, 0.0, 0.0, 0.0, 0.0, 0.0, 13.0, 0.0, 0.0, 0.0, 0.0, 0.0, 67.0, 3407.0, 4860.0, 0.0, 0.0, 0.0, 0.0, 0.0, 0.0]
[1.563537408E12, 1.15218551551032525E18, 1.0, 53.0, 0.0, 0.0, 0.0, 0.0, 0.0, 0.0, 0.0, 57.0, 0.0, 0.0, 0.0, 0.0, 0.0, 247.0, 2.0, 13.0, 0.0, 0.0, 0.0, 0.0, 0.0, 0.0]
[1.563555915E12, 1.15226313907918438E18, 17.0, 29.0, 0.0, 0.0, 0.0, 0.0, 0.0, 0.0, 0.0, 9.0, 0.0, 0.0, 0.0, 0.0, 0.0, 64.0, 3284.0, 4989.0, 0.0, 111.0, 0.0, 0.0, 0.0, 0.0]
[1.563535176E12, 1.15217615369368781E18, 6.0, 9.0, 0.0, 0.0, 0.0, 0.0, 0.0, 0.0, 0.0, 9.0, 0.0, 0.0, 0.0, 0.0, 0.0, 37.0, 13.0, 94.0, 0.0, 0.0, 0.0, 0.0, 0.0, 0.0]
[1.563549726E12, 1.15223718114409267E18, 13.0, 21.0, 0.0, 0.0, 0.0, 0.0, 0.0, 0.0, 0.0, 6.0, 0.0, 0.0, 0.0, 0.0, 0.0, 46.0, 122.0, 1.0, 0.0, 7.0, 0.0, 0.0, 0.0, 0.0]
[1.563552832E12, 1.15225021184820838E18, 15.0, 37.0, 0.0, 0.0, 0.0, 0.0, 0.0, 0.0, 0.0, 10.0, 0.0, 0.0, 0.0, 0.0, 0.0, 56.0, 753.0, 5001.0, 0.0, 17.0, 0.0, 0.0, 0.0, 0.0]
[1.56353601E12, 1.152179654012416E18, 5.0, 26.0, 0.0, 0.0, 0.0, 0.0, 0.0, 0.0, 0.0, 12.0, 0.0, 0.0, 0.0, 0.0, 0.0, 77.0, 20.0, 447.0, 0.0, 0.0, 0.0, 0.0, 0.0, 0.0]
[1.563549729E12, 1.15223719357181542E18, 20.0, 36.0, 0.0, 0.0, 0.0, 0.0, 0.0, 0.0, 0.0, 11.0, 0.0, 0.0, 0.0, 0.0, 0.0, 71.0, 452.0, 431.0, 0.0, 2.0, 0.0, 0.0, 0.0, 0.0]
[1.563547175E12, 1.152226481210368E18, 2.0, 64.0, 0.0, 0.0, 0.0, 0.0, 0.0, 0.0, 0.0, 29.0, 0.0, 0.0, 0.0, 0.0, 0.0, 78.0, 528.0, 5.0, 0.0, 21.0, 0.0, 0.0, 0.0, 0.0]
[1.563541411E12, 1.15220230673945805E18, 6.0, 59.0, 0.0, 0.0, 0.0, 0.0, 0.0, 0.0, 0.0, 12.0, 0.0, 0.0, 0.0, 0.0, 0.0, 47.0, 49.0, 13.0, 0.0, 0.0, 0.0, 0.0, 0.0, 0.0]
[1.563555419E12, 1.15226105931676467E18, 15.0, 48.0, 0.0, 0.0, 0.0, 0.0, 0.0, 0.0, 0.0, 11.0, 0.0, 0.0, 0.0, 0.0, 0.0, 51.0, 389.0, 1401.0, 0.0, 5.0, 0.0, 0.0, 0.0, 0.0]
[1.56355552E12, 1.15226148625911398E18, 8.0, 10.0, 0.0, 0.0, 0.0, 0.0, 0.0, 0.0, 0.0, 11.0, 0.0, 0.0, 0.0, 0.0, 0.0, 59.0, 31.0, 70.0, 0.0, 5.0, 0.0, 0.0, 0.0, 0.0]
[1.563552565E12, 1.15224909120160973E18, 17.0, 28.0, 0.0, 0.0, 0.0, 0.0, 0.0, 0.0, 0.0, 6.0, 0.0, 0.0, 0.0, 0.0, 0.0, 36.0, 68.0, 112.0, 0.0, 0.0, 0.0, 0.0, 0.0, 0.0]
[1.563547536E12, 1.15222799792084173E18, 15.0, 43.0, 0.0, 0.0, 0.0, 0.0, 0.0, 0.0, 0.0, 9.0, 0.0, 0.0, 0.0, 0.0, 0.0, 38.0, 246.0, 837.0, 0.0, 9.0, 0.0, 0.0, 0.0, 0.0]
[1.563537784E12, 1.15218709468247245E18, 23.0, 37.0, 0.0, 0.0, 0.0, 0.0, 0.0, 0.0, 0.0, 21.0, 0.0, 0.0, 0.0, 0.0, 0.0, 109.0, 159764.0, 581.0, 0.0, 917.0, 0.0, 0.0, 0.0, 0.0]
[1.563555217E12, 1.15226021394200166E18, 11.0, 25.0, 0.0, 0.0, 0.0, 0.0, 0.0, 0.0, 0.0, 7.0, 0.0, 0.0, 0.0, 0.0, 0.0, 48.0, 145.0, 171.0, 0.0, 6.0, 0.0, 0.0, 0.0, 0.0]
[1.563544133E12, 1.15221372583698022E18, 1.0, 71.0, 0.0, 0.0, 0.0, 0.0, 0.0, 0.0, 0.0, 10.0, 0.0, 0.0, 0.0, 0.0, 0.0, 58.0, 38115.0, 28.0, 0.0, 225.0, 0.0, 0.0, 0.0, 0.0]
[1.563551561E12, 1.15224487748641587E18, 17.0, 39.0, 0.0, 0.0, 0.0, 0.0, 0.0, 0.0, 0.0, 19.0, 0.0, 0.0, 0.0, 0.0, 0.0, 83.0, 2748.0, 11.0, 0.0, 11.0, 0.0, 0.0, 0.0, 0.0]
[1.563536469E12, 1.15218157752861491E18, 6.0, 22.0, 0.0, 0.0, 0.0, 0.0, 0.0, 0.0, 0.0, 7.0, 0.0, 0.0, 0.0, 0.0, 0.0, 45.0, 18647.0, 14.0, 0.0, 533.0, 0.0, 0.0, 0.0, 0.0]
[1.563535065E12, 1.15217568901095014E18, 0.0, 50.0, 0.0, 0.0, 0.0, 0.0, 0.0, 0.0, 0.0, 134.0, 0.0, 0.0, 0.0, 0.0, 0.0, 263.0, 90279.0, 66502.0, 0.0, 1266.0, 0.0, 0.0, 0.0, 0.0]
[1.563537821E12, 1.15218725001018573E18, 6.0, 36.0, 0.0, 0.0, 0.0, 0.0, 0.0, 0.0, 0.0, 13.0, 0.0, 0.0, 0.0, 0.0, 0.0, 66.0, 44.0, 1173.0, 0.0, 1.0, 0.0, 0.0, 0.0, 0.0]
[1.563554704E12, 1.15225805988603904E18, 5.0, 57.0, 0.0, 0.0, 0.0, 0.0, 0.0, 0.0, 0.0, 11.0, 0.0, 0.0, 0.0, 0.0, 0.0, 60.0, 8211.0, 7587.0, 0.0, 53.0, 0.0, 0.0, 0.0, 0.0]
[1.563536E12, 1.15217961112978637E18, 2.0, 66.0, 0.0, 0.0, 0.0, 0.0, 0.0, 0.0, 0.0, 37.0, 0.0, 0.0, 0.0, 0.0, 0.0, 83.0, 6863.0, 1.0, 0.0, 230.0, 0.0, 0.0, 0.0, 0.0]
[1.563548939E12, 1.15223388061256909E18, 24.0, 34.0, 0.0, 0.0, 0.0, 0.0, 0.0, 0.0, 0.0, 8.0, 0.0, 0.0, 0.0, 0.0, 0.0, 41.0, 1904.0, 3200.0, 0.0, 65.0, 0.0, 0.0, 0.0, 0.0]
[1.563542736E12, 1.15220786515697254E18, 4.0, 42.0, 0.0, 0.0, 0.0, 0.0, 0.0, 0.0, 0.0, 15.0, 0.0, 0.0, 0.0, 0.0, 0.0, 82.0, 75.0, 19.0, 0.0, 0.0, 0.0, 0.0, 0.0, 0.0]
[1.563548031E12, 1.1522300745586647E18, 1.0, 64.0, 0.0, 0.0, 0.0, 0.0, 0.0, 0.0, 0.0, 8.0, 0.0, 0.0, 0.0, 0.0, 0.0, 47.0, 964.0, 328.0, 0.0, 56.0, 0.0, 0.0, 0.0, 0.0]
[1.563536714E12, 1.15218260693666202E18, 16.0, 11.0, 0.0, 0.0, 0.0, 0.0, 0.0, 0.0, 0.0, 23.0, 1.0, 0.0, 0.0, 0.0, 0.0, 82.0, 51.0, 93.0, 0.0, 1.0, 0.0, 0.0, 0.0, 0.0]
[1.563535477E12, 1.15217741652319846E18, 4.0, 62.0, 0.0, 0.0, 0.0, 0.0, 0.0, 0.0, 0.0, 32.0, 0.0, 0.0, 0.0, 0.0, 0.0, 64.0, 2038.0, 535.0, 0.0, 26.0, 0.0, 0.0, 0.0, 0.0]
[1.563546051E12, 1.1522217669175296E18, 13.0, 13.0, 0.0, 0.0, 0.0, 0.0, 0.0, 0.0, 0.0, 13.0, 0.0, 0.0, 0.0, 0.0, 0.0, 65.0, 6848.0, 5639.0, 0.0, 141.0, 0.0, 0.0, 0.0, 0.0]
[1.563552138E12, 1.15224730102660301E18, 7.0, 51.0, 0.0, 0.0, 0.0, 0.0, 0.0, 0.0, 0.0, 13.0, 0.0, 0.0, 0.0, 0.0, 0.0, 60.0, 6366.0, 959.0, 0.0, 78.0, 0.0, 0.0, 0.0, 0.0]
[1.563537727E12, 1.15218685518760346E18, 3.0, 58.0, 0.0, 0.0, 0.0, 0.0, 0.0, 0.0, 0.0, 13.0, 0.0, 0.0, 0.0, 0.0, 0.0, 64.0, 256850.0, 591.0, 0.0, 3708.0, 0.0, 0.0, 0.0, 0.0]
[1.563542043E12, 1.15220495818552934E18, 4.0, 38.0, 0.0, 0.0, 0.0, 0.0, 0.0, 0.0, 0.0, 15.0, 0.0, 0.0, 0.0, 0.0, 0.0, 68.0, 3551.0, 1072.0, 0.0, 268.0, 0.0, 0.0, 0.0, 0.0]
[1.563553834E12, 1.1522544138908672E18, 28.0, 27.0, 0.0, 0.0, 0.0, 0.0, 0.0, 0.0, 0.0, 6.0, 0.0, 0.0, 0.0, 0.0, 0.0, 41.0, 749.0, 500.0, 0.0, 17.0, 0.0, 0.0, 0.0, 0.0]
[1.563534941E12, 1.15217517074999296E18, 4.0, 46.0, 0.0, 0.0, 0.0, 0.0, 0.0, 0.0, 0.0, 13.0, 0.0, 0.0, 0.0, 0.0, 0.0, 66.0, 556.0, 440.0, 0.0, 7.0, 0.0, 0.0, 0.0, 0.0]
[1.56354597E12, 1.15222142774926131E18, 13.0, 49.0, 0.0, 0.0, 0.0, 0.0, 0.0, 0.0, 0.0, 11.0, 0.0, 0.0, 0.0, 0.0, 0.0, 55.0, 2083.0, 2074.0, 0.0, 8.0, 0.0, 0.0, 0.0, 0.0]
[1.563538583E12, 1.15219044525194035E18, 11.0, 16.0, 0.0, 0.0, 0.0, 0.0, 0.0, 0.0, 0.0, 15.0, 0.0, 0.0, 0.0, 0.0, 0.0, 58.0, 86.0, 2.0, 0.0, 1.0, 0.0, 0.0, 0.0, 0.0]
[1.563549909E12, 1.15223795150347059E18, 5.0, 63.0, 0.0, 0.0, 0.0, 0.0, 0.0, 0.0, 0.0, 14.0, 0.0, 0.0, 0.0, 0.0, 0.0, 69.0, 282.0, 382.0, 0.0, 1.0, 0.0, 0.0, 0.0, 0.0]
[1.563540917E12, 1.15220023584796672E18, 10.0, 51.0, 0.0, 0.0, 0.0, 0.0, 0.0, 0.0, 0.0, 14.0, 0.0, 0.0, 0.0, 0.0, 0.0, 60.0, 2585.0, 3865.0, 0.0, 6.0, 0.0, 0.0, 0.0, 0.0]
[1.563554139E12, 1.1522556922601513E18, 54.0, 11.0, 0.0, 0.0, 0.0, 0.0, 0.0, 0.0, 0.0, 19.0, 0.0, 0.0, 0.0, 0.0, 0.0, 108.0, 578.0, 0.0, 0.0, 36.0, 0.0, 0.0, 0.0, 0.0]
[1.563553516E12, 1.15225307717452186E18, 10.0, 43.0, 0.0, 0.0, 0.0, 0.0, 0.0, 0.0, 0.0, 16.0, 0.0, 0.0, 0.0, 0.0, 0.0, 49.0, 83.0, 411.0, 0.0, 0.0, 0.0, 0.0, 0.0, 0.0]
[1.563537779E12, 1.1521870744701952E18, 7.0, 48.0, 0.0, 0.0, 0.0, 0.0, 0.0, 0.0, 0.0, 13.0, 0.0, 0.0, 0.0, 0.0, 0.0, 67.0, 75.0, 0.0, 0.0, 0.0, 0.0, 0.0, 0.0, 0.0]
[1.563537604E12, 1.15218633911216947E18, 10.0, 47.0, 0.0, 0.0, 0.0, 0.0, 0.0, 0.0, 0.0, 7.0, 0.0, 0.0, 0.0, 0.0, 0.0, 41.0, 11.0, 285.0, 0.0, 0.0, 0.0, 0.0, 0.0, 0.0]
[1.563555912E12, 1.15226312769160397E18, 17.0, 29.0, 0.0, 0.0, 0.0, 0.0, 0.0, 0.0, 0.0, 9.0, 0.0, 0.0, 0.0, 0.0, 0.0, 64.0, 7848834.0, 1086.0, 0.0, 59848.0, 0.0, 0.0, 0.0, 0.0]
[1.563553843E12, 1.15225445064976384E18, 5.0, 46.0, 0.0, 0.0, 0.0, 0.0, 0.0, 0.0, 0.0, 11.0, 0.0, 0.0, 0.0, 0.0, 0.0, 45.0, 4248.0, 231.0, 0.0, 58.0, 0.0, 0.0, 0.0, 0.0]
[1.563548591E12, 1.15223242154438656E18, 13.0, 21.0, 0.0, 0.0, 0.0, 0.0, 0.0, 0.0, 0.0, 6.0, 0.0, 0.0, 0.0, 0.0, 0.0, 46.0, 16.0, 127.0, 0.0, 0.0, 0.0, 0.0, 0.0, 0.0]
[1.563552194E12, 1.15224753357959168E18, 15.0, 37.0, 0.0, 0.0, 0.0, 0.0, 0.0, 0.0, 0.0, 10.0, 0.0, 0.0, 0.0, 0.0, 0.0, 56.0, 320.0, 271.0, 0.0, 1.0, 0.0, 0.0, 0.0, 0.0]
[1.563549481E12, 1.15223615606873702E18, 20.0, 36.0, 0.0, 0.0, 0.0, 0.0, 0.0, 0.0, 0.0, 11.0, 0.0, 0.0, 0.0, 0.0, 0.0, 71.0, 5464.0, 5370.0, 0.0, 1.0, 0.0, 0.0, 0.0, 0.0]
[1.563546463E12, 1.15222349442551398E18, 2.0, 64.0, 0.0, 0.0, 0.0, 0.0, 0.0, 0.0, 0.0, 29.0, 0.0, 0.0, 0.0, 0.0, 0.0, 78.0, 528.0, 5.0, 0.0, 21.0, 0.0, 0.0, 0.0, 0.0]
[1.563539819E12, 1.15219563138297856E18, 6.0, 59.0, 0.0, 0.0, 0.0, 0.0, 0.0, 0.0, 0.0, 12.0, 0.0, 0.0, 0.0, 0.0, 0.0, 47.0, 552.0, 1615.0, 0.0, 1.0, 0.0, 0.0, 0.0, 0.0]
[1.563555236E12, 1.15226029239668736E18, 8.0, 44.0, 0.0, 0.0, 0.0, 0.0, 0.0, 0.0, 0.0, 9.0, 0.0, 0.0, 0.0, 0.0, 0.0, 49.0, 173.0, 108.0, 0.0, 5.0, 0.0, 0.0, 0.0, 0.0]
[1.563555309E12, 1.15226060040957952E18, 8.0, 10.0, 0.0, 0.0, 0.0, 0.0, 0.0, 0.0, 0.0, 11.0, 0.0, 0.0, 0.0, 0.0, 0.0, 59.0, 1060.0, 672.0, 0.0, 28.0, 0.0, 0.0, 0.0, 0.0]
[1.563552121E12, 1.15224722970658406E18, 17.0, 28.0, 0.0, 0.0, 0.0, 0.0, 0.0, 0.0, 0.0, 4.0, 0.0, 0.0, 0.0, 0.0, 0.0, 34.0, 7812.0, 8553.0, 0.0, 39.0, 0.0, 0.0, 0.0, 0.0]
[1.563541855E12, 1.15220416754658099E18, 1.0, 54.0, 0.0, 0.0, 0.0, 0.0, 0.0, 0.0, 0.0, 44.0, 0.0, 0.0, 0.0, 0.0, 0.0, 214.0, 4.3753871E7, 899.0, 0.0, 200001.0, 0.0, 0.0, 0.0, 0.0]
[1.563550985E12, 1.15224246107234304E18, 13.0, 20.0, 0.0, 0.0, 0.0, 0.0, 0.0, 0.0, 0.0, 5.0, 0.0, 0.0, 0.0, 0.0, 0.0, 32.0, 3322408.0, 261.0, 0.0, 26104.0, 0.0, 0.0, 0.0, 0.0]
[1.563537356E12, 1.1521853004221481E18, 18.0, 42.0, 0.0, 0.0, 0.0, 0.0, 0.0, 0.0, 0.0, 22.0, 0.0, 0.0, 0.0, 0.0, 0.0, 110.0, 1970.0, 4448.0, 0.0, 51.0, 0.0, 0.0, 0.0, 0.0]
[1.563554646E12, 1.15225782032401203E18, 11.0, 25.0, 0.0, 0.0, 0.0, 0.0, 0.0, 0.0, 0.0, 7.0, 0.0, 0.0, 0.0, 0.0, 0.0, 48.0, 238.0, 746.0, 0.0, 29.0, 0.0, 0.0, 0.0, 0.0]
[1.563542708E12, 1.15220774529216512E18, 1.0, 71.0, 0.0, 0.0, 0.0, 0.0, 0.0, 0.0, 0.0, 10.0, 0.0, 0.0, 0.0, 0.0, 0.0, 58.0, 5625.0, 5814.0, 0.0, 207.0, 0.0, 0.0, 0.0, 0.0]
[1.56354007E12, 1.15219668437556019E18, 2.0, 58.0, 0.0, 0.0, 0.0, 0.0, 0.0, 0.0, 0.0, 29.0, 0.0, 0.0, 0.0, 0.0, 0.0, 129.0, 4.0, 20.0, 0.0, 0.0, 0.0, 0.0, 0.0, 0.0]
[1.563550509E12, 1.15224046706649088E18, 17.0, 39.0, 0.0, 0.0, 0.0, 0.0, 0.0, 0.0, 0.0, 17.0, 0.0, 0.0, 0.0, 0.0, 0.0, 81.0, 818.0, 666.0, 0.0, 21.0, 0.0, 0.0, 0.0, 0.0]
[1.563552607E12, 1.15224926698474291E18, 3.0, 25.0, 0.0, 0.0, 0.0, 0.0, 0.0, 0.0, 0.0, 8.0, 0.0, 0.0, 0.0, 0.0, 0.0, 47.0, 52434.0, 24979.0, 0.0, 37.0, 0.0, 0.0, 0.0, 0.0]
[1.563554421E12, 1.15225687349784576E18, 2.0, 59.0, 0.0, 0.0, 0.0, 0.0, 0.0, 0.0, 0.0, 11.0, 0.0, 0.0, 0.0, 0.0, 0.0, 60.0, 282.0, 382.0, 0.0, 1.0, 0.0, 0.0, 0.0, 0.0]
[1.563537057E12, 1.15218404688735027E18, 5.0, 46.0, 0.0, 0.0, 0.0, 0.0, 0.0, 0.0, 0.0, 16.0, 0.0, 0.0, 0.0, 0.0, 0.0, 47.0, 1301.0, 4907.0, 0.0, 9.0, 0.0, 0.0, 0.0, 0.0]
[1.563541103E12, 1.1522010156319744E18, 21.0, 18.0, 0.0, 0.0, 0.0, 0.0, 0.0, 0.0, 0.0, 6.0, 0.0, 0.0, 0.0, 0.0, 0.0, 39.0, 4087.0, 1272.0, 0.0, 43.0, 0.0, 0.0, 0.0, 0.0]
[1.563542192E12, 1.15220558187012506E18, 4.0, 42.0, 0.0, 0.0, 0.0, 0.0, 0.0, 0.0, 0.0, 15.0, 0.0, 0.0, 0.0, 0.0, 0.0, 82.0, 254.0, 77.0, 0.0, 0.0, 0.0, 0.0, 0.0, 0.0]
[1.563547034E12, 1.15222589175960371E18, 1.0, 64.0, 0.0, 0.0, 0.0, 0.0, 0.0, 0.0, 0.0, 8.0, 0.0, 0.0, 0.0, 0.0, 0.0, 47.0, 6.0, 167.0, 0.0, 0.0, 0.0, 0.0, 0.0, 0.0]
[1.563540944E12, 1.15220034677056307E18, 1.0, 68.0, 0.0, 0.0, 0.0, 0.0, 0.0, 0.0, 0.0, 53.0, 0.0, 0.0, 0.0, 0.0, 0.0, 110.0, 3129.0, 2874.0, 0.0, 5.0, 0.0, 0.0, 0.0, 0.0]
[1.563536332E12, 1.15218100594565939E18, 8.0, 36.0, 0.0, 0.0, 0.0, 0.0, 0.0, 0.0, 0.0, 17.0, 0.0, 0.0, 0.0, 0.0, 0.0, 73.0, 96.0, 74.0, 0.0, 0.0, 0.0, 0.0, 0.0, 0.0]
[1.563552006E12, 1.1522467443627049E18, 5.0, 60.0, 0.0, 0.0, 0.0, 0.0, 0.0, 0.0, 0.0, 20.0, 0.0, 0.0, 0.0, 0.0, 0.0, 73.0, 126838.0, 3195.0, 0.0, 1126.0, 0.0, 0.0, 0.0, 0.0]
[1.563541011E12, 1.15220062938272563E18, 4.0, 48.0, 0.0, 0.0, 0.0, 0.0, 0.0, 0.0, 0.0, 17.0, 0.0, 0.0, 0.0, 0.0, 0.0, 87.0, 553.0, 260.0, 0.0, 24.0, 0.0, 0.0, 0.0, 0.0]
[1.563546879E12, 1.1522252418480128E18, 28.0, 27.0, 0.0, 0.0, 0.0, 0.0, 0.0, 0.0, 0.0, 6.0, 0.0, 0.0, 0.0, 0.0, 0.0, 41.0, 34801.0, 52.0, 0.0, 1693.0, 0.0, 0.0, 0.0, 0.0]
[1.563543075E12, 1.15220928739930112E18, 7.0, 16.0, 0.0, 0.0, 0.0, 0.0, 0.0, 0.0, 0.0, 11.0, 0.0, 0.0, 0.0, 0.0, 0.0, 42.0, 67.0, 5.0, 0.0, 1.0, 0.0, 0.0, 0.0, 0.0]
[1.563549205E12, 1.15223499545035981E18, 9.0, 28.0, 0.0, 0.0, 0.0, 0.0, 0.0, 0.0, 0.0, 7.0, 0.0, 0.0, 0.0, 0.0, 0.0, 34.0, 3137.0, 2248.0, 0.0, 202.0, 0.0, 0.0, 0.0, 0.0]
[1.563544968E12, 1.15221722697771827E18, 5.0, 31.0, 0.0, 0.0, 0.0, 0.0, 0.0, 0.0, 0.0, 8.0, 0.0, 0.0, 0.0, 0.0, 0.0, 52.0, 14941.0, 1717.0, 0.0, 344.0, 0.0, 0.0, 0.0, 0.0]
[1.563545293E12, 1.15221858960620749E18, 13.0, 49.0, 0.0, 0.0, 0.0, 0.0, 0.0, 0.0, 0.0, 9.0, 0.0, 0.0, 0.0, 0.0, 0.0, 53.0, 919799.0, 206.0, 0.0, 4937.0, 0.0, 0.0, 0.0, 0.0]
[1.563538393E12, 1.15218964654318387E18, 32.0, 21.0, 0.0, 0.0, 0.0, 0.0, 0.0, 0.0, 0.0, 9.0, 0.0, 0.0, 0.0, 0.0, 0.0, 41.0, 61.0, 115.0, 0.0, 2.0, 0.0, 0.0, 0.0, 0.0]
[1.563549692E12, 1.15223704123049984E18, 4.0, 62.0, 0.0, 0.0, 0.0, 0.0, 0.0, 0.0, 0.0, 14.0, 0.0, 0.0, 0.0, 0.0, 0.0, 69.0, 11971.0, 12024.0, 0.0, 43.0, 0.0, 0.0, 0.0, 0.0]
[1.563538647E12, 1.1521907140649001E18, 10.0, 51.0, 0.0, 0.0, 0.0, 0.0, 0.0, 0.0, 0.0, 14.0, 0.0, 0.0, 0.0, 0.0, 0.0, 60.0, 843.0, 1877.0, 0.0, 69.0, 0.0, 0.0, 0.0, 0.0]
[1.563543188E12, 1.15220976086478438E18, 54.0, 11.0, 0.0, 0.0, 0.0, 0.0, 0.0, 0.0, 0.0, 20.0, 0.0, 0.0, 0.0, 0.0, 0.0, 109.0, 52434.0, 24979.0, 0.0, 37.0, 0.0, 0.0, 0.0, 0.0]
[1.563537254E12, 1.15218487001943654E18, 1.0, 41.0, 0.0, 0.0, 0.0, 0.0, 0.0, 0.0, 0.0, 47.0, 0.0, 0.0, 0.0, 0.0, 0.0, 222.0, 723.0, 1268.0, 0.0, 74.0, 0.0, 0.0, 0.0, 0.0]
[1.563537739E12, 1.15218690649668403E18, 7.0, 48.0, 0.0, 0.0, 0.0, 0.0, 0.0, 0.0, 0.0, 13.0, 0.0, 0.0, 0.0, 0.0, 0.0, 67.0, 173.0, 779.0, 0.0, 14.0, 0.0, 0.0, 0.0, 0.0]
[1.563536457E12, 1.15218152705437696E18, 18.0, 27.0, 0.0, 0.0, 0.0, 0.0, 0.0, 0.0, 0.0, 11.0, 0.0, 0.0, 0.0, 0.0, 0.0, 60.0, 538.0, 956.0, 0.0, 10.0, 0.0, 0.0, 0.0, 0.0]
[1.56355496E12, 1.15225913687844864E18, 17.0, 29.0, 0.0, 0.0, 0.0, 0.0, 0.0, 0.0, 0.0, 9.0, 0.0, 0.0, 0.0, 0.0, 0.0, 64.0, 1900.0, 1622.0, 0.0, 91.0, 0.0, 0.0, 0.0, 0.0]
[1.563535357E12, 1.15217691651603661E18, 15.0, 31.0, 0.0, 0.0, 0.0, 0.0, 0.0, 0.0, 0.0, 9.0, 0.0, 0.0, 0.0, 0.0, 0.0, 32.0, 598.0, 1218.0, 0.0, 2.0, 0.0, 0.0, 0.0, 0.0]
[1.563548399E12, 1.15223161544948941E18, 13.0, 21.0, 0.0, 0.0, 0.0, 0.0, 0.0, 0.0, 0.0, 6.0, 0.0, 0.0, 0.0, 0.0, 0.0, 46.0, 5089.0, 5363.0, 0.0, 0.0, 0.0, 0.0, 0.0, 0.0]
[1.563552132E12, 1.15224727601174118E18, 15.0, 37.0, 0.0, 0.0, 0.0, 0.0, 0.0, 0.0, 0.0, 10.0, 0.0, 0.0, 0.0, 0.0, 0.0, 56.0, 174.0, 364.0, 0.0, 14.0, 0.0, 0.0, 0.0, 0.0]
[1.563549431E12, 1.15223594315748966E18, 20.0, 36.0, 0.0, 0.0, 0.0, 0.0, 0.0, 0.0, 0.0, 13.0, 0.0, 0.0, 0.0, 0.0, 0.0, 73.0, 273.0, 1.0, 0.0, 6.0, 0.0, 0.0, 0.0, 0.0]
[1.563543615E12, 1.1522115522186199E18, 2.0, 65.0, 0.0, 0.0, 0.0, 0.0, 0.0, 0.0, 0.0, 29.0, 0.0, 0.0, 0.0, 0.0, 0.0, 78.0, 528.0, 5.0, 0.0, 21.0, 0.0, 0.0, 0.0, 0.0]
[1.563539678E12, 1.15219503688638464E18, 6.0, 59.0, 0.0, 0.0, 0.0, 0.0, 0.0, 0.0, 0.0, 12.0, 0.0, 0.0, 0.0, 0.0, 0.0, 47.0, 2.0, 7.0, 0.0, 0.0, 0.0, 0.0, 0.0, 0.0]
[1.563554671E12, 1.15225792512731546E18, 15.0, 48.0, 0.0, 0.0, 0.0, 0.0, 0.0, 0.0, 0.0, 11.0, 0.0, 0.0, 0.0, 0.0, 0.0, 51.0, 956.0, 663.0, 0.0, 2.0, 0.0, 0.0, 0.0, 0.0]
[1.563554205E12, 1.15225596852223181E18, 8.0, 10.0, 0.0, 0.0, 0.0, 0.0, 0.0, 0.0, 0.0, 11.0, 0.0, 0.0, 0.0, 0.0, 0.0, 59.0, 1863.0, 5001.0, 0.0, 174.0, 0.0, 0.0, 0.0, 0.0]
[1.56355161E12, 1.15224508626631885E18, 17.0, 28.0, 0.0, 0.0, 0.0, 0.0, 0.0, 0.0, 0.0, 4.0, 0.0, 0.0, 0.0, 0.0, 0.0, 34.0, 696.0, 495.0, 0.0, 14.0, 0.0, 0.0, 0.0, 0.0]
[1.563547325E12, 1.15222711048158822E18, 20.0, 26.0, 0.0, 0.0, 0.0, 0.0, 0.0, 0.0, 0.0, 5.0, 0.0, 0.0, 0.0, 0.0, 0.0, 31.0, 3555.0, 3411.0, 0.0, 226.0, 0.0, 0.0, 0.0, 0.0]
[1.563537588E12, 1.15218627165104128E18, 7.0, 35.0, 0.0, 0.0, 0.0, 0.0, 0.0, 0.0, 0.0, 7.0, 0.0, 0.0, 0.0, 0.0, 0.0, 44.0, 390.0, 173.0, 0.0, 5.0, 0.0, 0.0, 0.0, 0.0]
[1.563547877E12, 1.15222942614430106E18, 13.0, 20.0, 0.0, 0.0, 0.0, 0.0, 0.0, 0.0, 0.0, 5.0, 0.0, 0.0, 0.0, 0.0, 0.0, 32.0, 81707.0, 105812.0, 0.0, 1886.0, 0.0, 0.0, 0.0, 0.0]
[1.563536881E12, 1.15218330564895539E18, 23.0, 37.0, 0.0, 0.0, 0.0, 0.0, 0.0, 0.0, 0.0, 21.0, 0.0, 0.0, 0.0, 0.0, 0.0, 109.0, 142.0, 236.0, 0.0, 3.0, 0.0, 0.0, 0.0, 0.0]
[1.563553763E12, 1.15225411545355878E18, 11.0, 25.0, 0.0, 0.0, 0.0, 0.0, 0.0, 0.0, 0.0, 7.0, 0.0, 0.0, 0.0, 0.0, 0.0, 48.0, 25.0, 13.0, 0.0, 0.0, 0.0, 0.0, 0.0, 0.0]
[1.563540361E12, 1.1521979033032704E18, 1.0, 71.0, 0.0, 0.0, 0.0, 0.0, 0.0, 0.0, 0.0, 10.0, 0.0, 0.0, 0.0, 0.0, 0.0, 58.0, 75.0, 0.0, 0.0, 0.0, 0.0, 0.0, 0.0, 0.0]
[1.563540037E12, 1.15219654564056678E18, 13.0, 44.0, 0.0, 0.0, 0.0, 0.0, 0.0, 0.0, 0.0, 18.0, 0.0, 0.0, 0.0, 0.0, 0.0, 76.0, 417.0, 635.0, 0.0, 15.0, 0.0, 0.0, 0.0, 0.0]
[1.563549392E12, 1.15223578096799334E18, 17.0, 39.0, 0.0, 0.0, 0.0, 0.0, 0.0, 0.0, 0.0, 17.0, 0.0, 0.0, 0.0, 0.0, 0.0, 81.0, 4162.0, 4772.0, 0.0, 4.0, 0.0, 0.0, 0.0, 0.0]
[1.563552607E12, 1.15224926599910605E18, 3.0, 25.0, 0.0, 0.0, 0.0, 0.0, 0.0, 0.0, 0.0, 8.0, 0.0, 0.0, 0.0, 0.0, 0.0, 47.0, 1400.0, 2567.0, 0.0, 759.0, 0.0, 0.0, 0.0, 0.0]
[1.563554198E12, 1.15225593938016666E18, 3.0, 60.0, 0.0, 0.0, 0.0, 0.0, 0.0, 0.0, 0.0, 11.0, 0.0, 0.0, 0.0, 0.0, 0.0, 60.0, 11971.0, 12024.0, 0.0, 43.0, 0.0, 0.0, 0.0, 0.0]
[1.563546216E12, 1.15222246211904717E18, 6.0, 51.0, 0.0, 0.0, 0.0, 0.0, 0.0, 0.0, 0.0, 19.0, 0.0, 0.0, 0.0, 0.0, 0.0, 59.0, 142.0, 472.0, 0.0, 21.0, 0.0, 0.0, 0.0, 0.0]
[1.563540866E12, 1.1522000219468841E18, 21.0, 18.0, 0.0, 0.0, 0.0, 0.0, 0.0, 0.0, 0.0, 6.0, 0.0, 0.0, 0.0, 0.0, 0.0, 39.0, 210.0, 49.0, 0.0, 55.0, 0.0, 0.0, 0.0, 0.0]
[1.563542047E12, 1.15220497454748877E18, 4.0, 42.0, 0.0, 0.0, 0.0, 0.0, 0.0, 0.0, 0.0, 15.0, 0.0, 0.0, 0.0, 0.0, 0.0, 82.0, 3.0, 27.0, 0.0, 0.0, 0.0, 0.0, 0.0, 0.0]
[1.563545019E12, 1.15221743808104858E18, 1.0, 64.0, 0.0, 0.0, 0.0, 0.0, 0.0, 0.0, 0.0, 8.0, 0.0, 0.0, 0.0, 0.0, 0.0, 47.0, 43754.0, 106.0, 0.0, 1789.0, 0.0, 0.0, 0.0, 0.0]
[1.563545025E12, 1.1522174639852503E18, 10.0, 50.0, 0.0, 0.0, 0.0, 0.0, 0.0, 0.0, 0.0, 17.0, 0.0, 0.0, 0.0, 0.0, 0.0, 88.0, 77.0, 5.0, 0.0, 0.0, 0.0, 0.0, 0.0, 0.0]
[1.563537588E12, 1.15218627165104128E18, 7.0, 35.0, 0.0, 0.0, 0.0, 0.0, 0.0, 0.0, 0.0, 7.0, 0.0, 0.0, 0.0, 0.0, 0.0, 44.0, 390.0, 173.0, 0.0, 5.0, 0.0, 0.0, 0.0, 0.0]
[1.563546855E12, 1.15222513956154982E18, 7.0, 51.0, 0.0, 0.0, 0.0, 0.0, 0.0, 0.0, 0.0, 13.0, 0.0, 0.0, 0.0, 0.0, 0.0, 60.0, 5798.0, 6330.0, 0.0, 1466.0, 0.0, 0.0, 0.0, 0.0]
[1.56355212E12, 1.15224722263086694E18, 1.0, 29.0, 0.0, 0.0, 0.0, 0.0, 0.0, 0.0, 0.0, 8.0, 0.0, 0.0, 0.0, 0.0, 0.0, 42.0, 76253.0, 1455.0, 0.0, 1210.0, 0.0, 0.0, 0.0, 0.0]
[1.563544105E12, 1.15221360713396224E18, 28.0, 27.0, 0.0, 0.0, 0.0, 0.0, 0.0, 0.0, 0.0, 6.0, 0.0, 0.0, 0.0, 0.0, 0.0, 41.0, 17284.0, 18683.0, 0.0, 14.0, 0.0, 0.0, 0.0, 0.0]
[1.563541428E12, 1.15220237754765722E18, 5.0, 31.0, 0.0, 0.0, 0.0, 0.0, 0.0, 0.0, 0.0, 8.0, 0.0, 0.0, 0.0, 0.0, 0.0, 52.0, 44268.0, 1908.0, 0.0, 272.0, 0.0, 0.0, 0.0, 0.0]
[1.563555537E12, 1.15226155596845466E18, 46.0, 12.0, 0.0, 0.0, 0.0, 0.0, 0.0, 0.0, 0.0, 6.0, 0.0, 0.0, 0.0, 0.0, 0.0, 36.0, 10.0, 180.0, 0.0, 1.0, 0.0, 0.0, 0.0, 0.0]
[1.563549202E12, 1.15223498348395725E18, 4.0, 62.0, 0.0, 0.0, 0.0, 0.0, 0.0, 0.0, 0.0, 14.0, 0.0, 0.0, 0.0, 0.0, 0.0, 69.0, 14548.0, 14570.0, 0.0, 65.0, 0.0, 0.0, 0.0, 0.0]
[1.563537969E12, 1.15218787069571891E18, 10.0, 51.0, 0.0, 0.0, 0.0, 0.0, 0.0, 0.0, 0.0, 14.0, 0.0, 0.0, 0.0, 0.0, 0.0, 60.0, 43754.0, 106.0, 0.0, 1789.0, 0.0, 0.0, 0.0, 0.0]
[1.563537729E12, 1.1521868639245353E18, 54.0, 11.0, 0.0, 0.0, 0.0, 0.0, 0.0, 0.0, 0.0, 20.0, 0.0, 0.0, 0.0, 0.0, 0.0, 109.0, 122.0, 1.0, 0.0, 7.0, 0.0, 0.0, 0.0, 0.0]
[1.563537457E12, 1.15218572469281587E18, 7.0, 48.0, 0.0, 0.0, 0.0, 0.0, 0.0, 0.0, 0.0, 13.0, 0.0, 0.0, 0.0, 0.0, 0.0, 67.0, 1748.0, 2292.0, 0.0, 1033.0, 0.0, 0.0, 0.0, 0.0]
[1.563553202E12, 1.15225176198765363E18, 17.0, 29.0, 0.0, 0.0, 0.0, 0.0, 0.0, 0.0, 0.0, 9.0, 0.0, 0.0, 0.0, 0.0, 0.0, 64.0, 193794.0, 144.0, 0.0, 2316.0, 0.0, 0.0, 0.0, 0.0]
[1.563537653E12, 1.15218654513224499E18, 2.0, 18.0, 0.0, 0.0, 0.0, 0.0, 0.0, 0.0, 0.0, 8.0, 0.0, 0.0, 0.0, 0.0, 0.0, 28.0, 677.0, 2655.0, 0.0, 50.0, 0.0, 0.0, 0.0, 0.0]
[1.563548129E12, 1.15223048304196813E18, 13.0, 21.0, 0.0, 0.0, 0.0, 0.0, 0.0, 0.0, 0.0, 6.0, 0.0, 0.0, 0.0, 0.0, 0.0, 46.0, 1546.0, 1384.0, 0.0, 37.0, 0.0, 0.0, 0.0, 0.0]
[1.563552096E12, 1.15224712159001805E18, 15.0, 37.0, 0.0, 0.0, 0.0, 0.0, 0.0, 0.0, 0.0, 10.0, 0.0, 0.0, 0.0, 0.0, 0.0, 56.0, 3879.0, 3779.0, 0.0, 554.0, 0.0, 0.0, 0.0, 0.0]
[1.563542748E12, 1.15220791631489434E18, 5.0, 21.0, 0.0, 0.0, 0.0, 0.0, 0.0, 0.0, 0.0, 12.0, 0.0, 0.0, 0.0, 0.0, 0.0, 58.0, 123.0, 262.0, 0.0, 0.0, 0.0, 0.0, 0.0, 0.0]
[1.563549525E12, 1.15223634116338483E18, 32.0, 29.0, 0.0, 0.0, 0.0, 0.0, 0.0, 0.0, 0.0, 11.0, 0.0, 0.0, 0.0, 0.0, 0.0, 71.0, 1465983.0, 11811.0, 0.0, 18475.0, 0.0, 0.0, 0.0, 0.0]
[1.563542906E12, 1.15220857747982746E18, 2.0, 63.0, 0.0, 0.0, 0.0, 0.0, 0.0, 0.0, 0.0, 29.0, 0.0, 0.0, 0.0, 0.0, 0.0, 78.0, 528.0, 5.0, 0.0, 21.0, 0.0, 0.0, 0.0, 0.0]
[1.563535357E12, 1.15217691618460058E18, 4.0, 62.0, 0.0, 0.0, 0.0, 0.0, 0.0, 0.0, 0.0, 17.0, 0.0, 0.0, 0.0, 0.0, 0.0, 72.0, 1488.0, 3271.0, 0.0, 3.0, 0.0, 0.0, 0.0, 0.0]
[1.563536644E12, 1.15218231179603558E18, 6.0, 59.0, 0.0, 0.0, 0.0, 0.0, 0.0, 0.0, 0.0, 10.0, 0.0, 0.0, 0.0, 0.0, 0.0, 45.0, 122.0, 1.0, 0.0, 7.0, 0.0, 0.0, 0.0, 0.0]
[1.563553519E12, 1.15225309264720691E18, 8.0, 44.0, 0.0, 0.0, 0.0, 0.0, 0.0, 0.0, 0.0, 9.0, 0.0, 0.0, 0.0, 0.0, 0.0, 49.0, 1226.0, 2138.0, 0.0, 182.0, 0.0, 0.0, 0.0, 0.0]
[1.563553151E12, 1.15225154697085338E18, 9.0, 17.0, 0.0, 0.0, 0.0, 0.0, 0.0, 0.0, 0.0, 11.0, 0.0, 0.0, 0.0, 0.0, 0.0, 59.0, 1140.0, 891.0, 0.0, 137.0, 0.0, 0.0, 0.0, 0.0]
[1.563551242E12, 1.15224354205357261E18, 17.0, 28.0, 0.0, 0.0, 0.0, 0.0, 0.0, 0.0, 0.0, 4.0, 0.0, 0.0, 0.0, 0.0, 0.0, 34.0, 2262.0, 2387.0, 0.0, 17.0, 0.0, 0.0, 0.0, 0.0]
[1.56354715E12, 1.15222637652054016E18, 18.0, 33.0, 0.0, 0.0, 0.0, 0.0, 0.0, 0.0, 0.0, 6.0, 0.0, 0.0, 0.0, 0.0, 0.0, 37.0, 240.0, 626.0, 0.0, 1.0, 0.0, 0.0, 0.0, 0.0]
[1.5635424E12, 1.15220645397481062E18, 21.0, 35.0, 0.0, 0.0, 0.0, 0.0, 0.0, 0.0, 0.0, 7.0, 0.0, 0.0, 0.0, 0.0, 0.0, 34.0, 978316.0, 478.0, 0.0, 11017.0, 0.0, 0.0, 0.0, 0.0]
[1.563545251E12, 1.15221841423837594E18, 13.0, 20.0, 0.0, 0.0, 0.0, 0.0, 0.0, 0.0, 0.0, 5.0, 0.0, 0.0, 0.0, 0.0, 0.0, 32.0, 4812.0, 855.0, 0.0, 279.0, 0.0, 0.0, 0.0, 0.0]
[1.563536872E12, 1.15218327085295616E18, 23.0, 37.0, 0.0, 0.0, 0.0, 0.0, 0.0, 0.0, 0.0, 22.0, 0.0, 0.0, 0.0, 0.0, 0.0, 110.0, 142.0, 236.0, 0.0, 3.0, 0.0, 0.0, 0.0, 0.0]
[1.563552897E12, 1.15225048307726336E18, 11.0, 25.0, 0.0, 0.0, 0.0, 0.0, 0.0, 0.0, 0.0, 7.0, 0.0, 0.0, 0.0, 0.0, 0.0, 48.0, 2209.0, 1631.0, 0.0, 301.0, 0.0, 0.0, 0.0, 0.0]
[1.563545018E12, 1.15221743636558643E18, 5.0, 57.0, 0.0, 0.0, 0.0, 0.0, 0.0, 0.0, 0.0, 9.0, 0.0, 0.0, 0.0, 0.0, 0.0, 60.0, 413.0, 299.0, 0.0, 133.0, 0.0, 0.0, 0.0, 0.0]
[1.563548602E12, 1.15223247000533402E18, 17.0, 39.0, 0.0, 0.0, 0.0, 0.0, 0.0, 0.0, 0.0, 17.0, 0.0, 0.0, 0.0, 0.0, 0.0, 81.0, 2209.0, 1631.0, 0.0, 301.0, 0.0, 0.0, 0.0, 0.0]
[1.563552465E12, 1.15224867196840755E18, 3.0, 25.0, 0.0, 0.0, 0.0, 0.0, 0.0, 0.0, 0.0, 8.0, 0.0, 0.0, 0.0, 0.0, 0.0, 47.0, 17.0, 226.0, 0.0, 0.0, 0.0, 0.0, 0.0, 0.0]
[1.563554043E12, 1.15225529133082624E18, 2.0, 59.0, 0.0, 0.0, 0.0, 0.0, 0.0, 0.0, 0.0, 11.0, 0.0, 0.0, 0.0, 0.0, 0.0, 60.0, 391600.0, 2763.0, 0.0, 2264.0, 0.0, 0.0, 0.0, 0.0]
[1.563542265E12, 1.15220589087291392E18, 5.0, 57.0, 0.0, 0.0, 0.0, 0.0, 0.0, 0.0, 0.0, 17.0, 0.0, 0.0, 0.0, 0.0, 0.0, 42.0, 1.0, 6.0, 0.0, 23.0, 0.0, 0.0, 0.0, 0.0]
[1.563539866E12, 1.15219582687954125E18, 21.0, 18.0, 0.0, 0.0, 0.0, 0.0, 0.0, 0.0, 0.0, 6.0, 0.0, 0.0, 0.0, 0.0, 0.0, 39.0, 2668.0, 327.0, 0.0, 81.0, 0.0, 0.0, 0.0, 0.0]
[1.563542027E12, 1.15220489208328192E18, 4.0, 42.0, 0.0, 0.0, 0.0, 0.0, 0.0, 0.0, 0.0, 15.0, 0.0, 0.0, 0.0, 0.0, 0.0, 82.0, 1268.0, 1221.0, 0.0, 19.0, 0.0, 0.0, 0.0, 0.0]
[1.563550578E12, 1.15224075748452352E18, 5.0, 58.0, 0.0, 0.0, 0.0, 0.0, 0.0, 0.0, 0.0, 16.0, 0.0, 0.0, 0.0, 0.0, 0.0, 59.0, 111.0, 197.0, 0.0, 0.0, 0.0, 0.0, 0.0, 0.0]
[1.563537143E12, 1.15218440561351475E18, 8.0, 44.0, 0.0, 0.0, 0.0, 0.0, 0.0, 0.0, 0.0, 22.0, 0.0, 0.0, 0.0, 0.0, 0.0, 107.0, 70.0, 193.0, 0.0, 1.0, 0.0, 0.0, 0.0, 0.0]
[1.563537704E12, 1.15218675707462861E18, 46.0, 17.0, 0.0, 0.0, 0.0, 0.0, 0.0, 0.0, 0.0, 10.0, 0.0, 0.0, 0.0, 0.0, 0.0, 62.0, 10356.0, 4127.0, 0.0, 366.0, 0.0, 0.0, 0.0, 0.0]
[1.563546846E12, 1.15222510384289382E18, 7.0, 51.0, 0.0, 0.0, 0.0, 0.0, 0.0, 0.0, 0.0, 13.0, 0.0, 0.0, 0.0, 0.0, 0.0, 60.0, 514.0, 2045.0, 0.0, 4.0, 0.0, 0.0, 0.0, 0.0]
[1.563539717E12, 1.15219520141636403E18, 4.0, 40.0, 0.0, 0.0, 0.0, 0.0, 0.0, 0.0, 0.0, 10.0, 0.0, 0.0, 0.0, 0.0, 0.0, 52.0, 30449.0, 1909.0, 0.0, 519.0, 0.0, 0.0, 0.0, 0.0]
[1.563540314E12, 1.15219770641426842E18, 28.0, 27.0, 0.0, 0.0, 0.0, 0.0, 0.0, 0.0, 0.0, 6.0, 0.0, 0.0, 0.0, 0.0, 0.0, 41.0, 11503.0, 5086.0, 0.0, 310.0, 0.0, 0.0, 0.0, 0.0]
[1.563540917E12, 1.15220023424159334E18, 5.0, 31.0, 0.0, 0.0, 0.0, 0.0, 0.0, 0.0, 0.0, 8.0, 0.0, 0.0, 0.0, 0.0, 0.0, 52.0, 73.0, 1217.0, 0.0, 2.0, 0.0, 0.0, 0.0, 0.0]
[1.56355543E12, 1.15226110795391386E18, 46.0, 12.0, 0.0, 0.0, 0.0, 0.0, 0.0, 0.0, 0.0, 6.0, 0.0, 0.0, 0.0, 0.0, 0.0, 36.0, 326.0, 447.0, 0.0, 11.0, 0.0, 0.0, 0.0, 0.0]
[1.563540827E12, 1.1521998570729431E18, 3.0, 57.0, 0.0, 0.0, 0.0, 0.0, 0.0, 0.0, 0.0, 22.0, 0.0, 0.0, 0.0, 0.0, 0.0, 97.0, 144.0, 261.0, 0.0, 2.0, 0.0, 0.0, 0.0, 0.0]
[1.563554771E12, 1.15225834284224922E18, 47.0, 18.0, 0.0, 0.0, 0.0, 0.0, 0.0, 0.0, 0.0, 24.0, 0.0, 0.0, 0.0, 0.0, 0.0, 126.0, 45.0, 20.0, 0.0, 9.0, 0.0, 0.0, 0.0, 0.0]
[1.563537196E12, 1.15218462940904243E18, 7.0, 48.0, 0.0, 0.0, 0.0, 0.0, 0.0, 0.0, 0.0, 13.0, 0.0, 0.0, 0.0, 0.0, 0.0, 67.0, 30.0, 209.0, 0.0, 0.0, 0.0, 0.0, 0.0, 0.0]
[1.563538748E12, 1.15219113638098534E18, 6.0, 58.0, 0.0, 0.0, 0.0, 0.0, 0.0, 0.0, 0.0, 21.0, 0.0, 0.0, 0.0, 0.0, 0.0, 94.0, 552.0, 438.0, 0.0, 11.0, 0.0, 0.0, 0.0, 0.0]
[1.563552382E12, 1.15224832242343526E18, 17.0, 29.0, 0.0, 0.0, 0.0, 0.0, 0.0, 0.0, 0.0, 9.0, 0.0, 0.0, 0.0, 0.0, 0.0, 64.0, 1593.0, 4997.0, 0.0, 70.0, 0.0, 0.0, 0.0, 0.0]
[1.563537604E12, 1.15218633911216947E18, 10.0, 47.0, 0.0, 0.0, 0.0, 0.0, 0.0, 0.0, 0.0, 7.0, 0.0, 0.0, 0.0, 0.0, 0.0, 41.0, 11.0, 285.0, 0.0, 0.0, 0.0, 0.0, 0.0, 0.0]
[1.563548079E12, 1.15223027455547392E18, 13.0, 21.0, 0.0, 0.0, 0.0, 0.0, 0.0, 0.0, 0.0, 6.0, 0.0, 0.0, 0.0, 0.0, 0.0, 46.0, 999.0, 1764.0, 0.0, 56.0, 0.0, 0.0, 0.0, 0.0]
[1.563549333E12, 1.15223553288748237E18, 15.0, 37.0, 0.0, 0.0, 0.0, 0.0, 0.0, 0.0, 0.0, 10.0, 0.0, 0.0, 0.0, 0.0, 0.0, 56.0, 30.0, 126.0, 0.0, 1.0, 0.0, 0.0, 0.0, 0.0]
[1.563542194E12, 1.1522055930898473E18, 2.0, 63.0, 0.0, 0.0, 0.0, 0.0, 0.0, 0.0, 0.0, 29.0, 0.0, 0.0, 0.0, 0.0, 0.0, 78.0, 528.0, 5.0, 0.0, 21.0, 0.0, 0.0, 0.0, 0.0]
[1.563536517E12, 1.15218177984500122E18, 6.0, 59.0, 0.0, 0.0, 0.0, 0.0, 0.0, 0.0, 0.0, 12.0, 0.0, 0.0, 0.0, 0.0, 0.0, 47.0, 3381.0, 3654.0, 0.0, 29.0, 0.0, 0.0, 0.0, 0.0]
[1.563551578E12, 1.15224495098303693E18, 8.0, 44.0, 0.0, 0.0, 0.0, 0.0, 0.0, 0.0, 0.0, 9.0, 0.0, 0.0, 0.0, 0.0, 0.0, 49.0, 3560.0, 4999.0, 0.0, 234.0, 0.0, 0.0, 0.0, 0.0]
[1.563552491E12, 1.15224878070552166E18, 8.0, 10.0, 0.0, 0.0, 0.0, 0.0, 0.0, 0.0, 0.0, 11.0, 0.0, 0.0, 0.0, 0.0, 0.0, 59.0, 1890.0, 463.0, 0.0, 83.0, 0.0, 0.0, 0.0, 0.0]
[1.563551016E12, 1.15224259249247846E18, 17.0, 28.0, 0.0, 0.0, 0.0, 0.0, 0.0, 0.0, 0.0, 4.0, 0.0, 0.0, 0.0, 0.0, 0.0, 34.0, 140.0, 47.0, 0.0, 7.0, 0.0, 0.0, 0.0, 0.0]
[1.563546756E12, 1.15222472356210688E18, 20.0, 26.0, 0.0, 0.0, 0.0, 0.0, 0.0, 0.0, 0.0, 5.0, 0.0, 0.0, 0.0, 0.0, 0.0, 31.0, 6039.0, 6467.0, 0.0, 6.0, 0.0, 0.0, 0.0, 0.0]
[1.563544463E12, 1.15221510649273139E18, 13.0, 20.0, 0.0, 0.0, 0.0, 0.0, 0.0, 0.0, 0.0, 5.0, 0.0, 0.0, 0.0, 0.0, 0.0, 32.0, 4518.0, 4161.0, 0.0, 4.0, 0.0, 0.0, 0.0, 0.0]
[1.563536296E12, 1.1521808547281879E18, 23.0, 37.0, 0.0, 0.0, 0.0, 0.0, 0.0, 0.0, 0.0, 21.0, 0.0, 0.0, 0.0, 0.0, 0.0, 109.0, 52434.0, 24979.0, 0.0, 37.0, 0.0, 0.0, 0.0, 0.0]
[1.563552613E12, 1.15224929025908736E18, 11.0, 25.0, 0.0, 0.0, 0.0, 0.0, 0.0, 0.0, 0.0, 7.0, 0.0, 0.0, 0.0, 0.0, 0.0, 48.0, 4376.0, 4125.0, 0.0, 151.0, 0.0, 0.0, 0.0, 0.0]
[1.563547868E12, 1.15222938772043776E18, 2.0, 68.0, 0.0, 0.0, 0.0, 0.0, 0.0, 0.0, 0.0, 18.0, 0.0, 0.0, 0.0, 0.0, 0.0, 87.0, 134.0, 1621.0, 0.0, 0.0, 0.0, 0.0, 0.0, 0.0]
[1.563548086E12, 1.15223030589964698E18, 17.0, 39.0, 0.0, 0.0, 0.0, 0.0, 0.0, 0.0, 0.0, 17.0, 0.0, 0.0, 0.0, 0.0, 0.0, 81.0, 9080.0, 7231.0, 0.0, 69.0, 0.0, 0.0, 0.0, 0.0]
[1.563551406E12, 1.15224422811168358E18, 2.0, 59.0, 0.0, 0.0, 0.0, 0.0, 0.0, 0.0, 0.0, 11.0, 0.0, 0.0, 0.0, 0.0, 0.0, 60.0, 436021.0, 1491.0, 0.0, 4231.0, 0.0, 0.0, 0.0, 0.0]
[1.563540363E12, 1.15219790974974362E18, 5.0, 57.0, 0.0, 0.0, 0.0, 0.0, 0.0, 0.0, 0.0, 17.0, 0.0, 0.0, 0.0, 0.0, 0.0, 42.0, 266.0, 713.0, 0.0, 10.0, 0.0, 0.0, 0.0, 0.0]
[1.563537609E12, 1.15218636138810982E18, 21.0, 18.0, 0.0, 0.0, 0.0, 0.0, 0.0, 0.0, 0.0, 6.0, 0.0, 0.0, 0.0, 0.0, 0.0, 39.0, 8045.0, 215.0, 0.0, 155.0, 0.0, 0.0, 0.0, 0.0]
[1.563541971E12, 1.15220465539452928E18, 4.0, 42.0, 0.0, 0.0, 0.0, 0.0, 0.0, 0.0, 0.0, 15.0, 0.0, 0.0, 0.0, 0.0, 0.0, 82.0, 21.0, 193.0, 0.0, 0.0, 0.0, 0.0, 0.0, 0.0]
[1.563540808E12, 1.15219977565732045E18, 6.0, 45.0, 0.0, 0.0, 0.0, 0.0, 0.0, 0.0, 0.0, 9.0, 0.0, 0.0, 0.0, 0.0, 0.0, 28.0, 3547.0, 4737.0, 0.0, 287.0, 0.0, 0.0, 0.0, 0.0]
[1.563538843E12, 1.15219153579190272E18, 4.0, 60.0, 0.0, 0.0, 0.0, 0.0, 0.0, 0.0, 0.0, 32.0, 0.0, 0.0, 0.0, 0.0, 0.0, 64.0, 2038.0, 535.0, 0.0, 26.0, 0.0, 0.0, 0.0, 0.0]
[1.563546E12, 1.15222155350293299E18, 7.0, 51.0, 0.0, 0.0, 0.0, 0.0, 0.0, 0.0, 0.0, 15.0, 0.0, 0.0, 0.0, 0.0, 0.0, 62.0, 112202.0, 15492.0, 0.0, 1028.0, 0.0, 0.0, 0.0, 0.0]
[1.563539251E12, 1.1521932470553641E18, 4.0, 40.0, 0.0, 0.0, 0.0, 0.0, 0.0, 0.0, 0.0, 10.0, 0.0, 0.0, 0.0, 0.0, 0.0, 52.0, 10191.0, 502.0, 0.0, 212.0, 0.0, 0.0, 0.0, 0.0]
[1.563538744E12, 1.1521911192849449E18, 7.0, 48.0, 0.0, 0.0, 0.0, 0.0, 0.0, 0.0, 0.0, 16.0, 0.0, 0.0, 0.0, 0.0, 0.0, 68.0, 27480.0, 84.0, 0.0, 253.0, 0.0, 0.0, 0.0, 0.0]
[1.563540517E12, 1.15219855576919654E18, 5.0, 31.0, 0.0, 0.0, 0.0, 0.0, 0.0, 0.0, 0.0, 8.0, 0.0, 0.0, 0.0, 0.0, 0.0, 52.0, 212.0, 11.0, 0.0, 2.0, 0.0, 0.0, 0.0, 0.0]
[1.563555395E12, 1.15226095876668621E18, 46.0, 12.0, 0.0, 0.0, 0.0, 0.0, 0.0, 0.0, 0.0, 6.0, 0.0, 0.0, 0.0, 0.0, 0.0, 36.0, 4641.0, 4584.0, 0.0, 10.0, 0.0, 0.0, 0.0, 0.0]
[1.563538327E12, 1.15218937303243981E18, 8.0, 53.0, 0.0, 0.0, 0.0, 0.0, 0.0, 0.0, 0.0, 19.0, 0.0, 0.0, 0.0, 0.0, 0.0, 76.0, 52434.0, 24979.0, 0.0, 37.0, 0.0, 0.0, 0.0, 0.0]
[1.563554357E12, 1.1522566072308777E18, 47.0, 18.0, 0.0, 0.0, 0.0, 0.0, 0.0, 0.0, 0.0, 24.0, 0.0, 0.0, 0.0, 0.0, 0.0, 126.0, 19.0, 23.0, 0.0, 0.0, 0.0, 0.0, 0.0, 0.0]
[1.563536863E12, 1.15218323076785357E18, 7.0, 48.0, 0.0, 0.0, 0.0, 0.0, 0.0, 0.0, 0.0, 13.0, 0.0, 0.0, 0.0, 0.0, 0.0, 67.0, 294.0, 920.0, 0.0, 1.0, 0.0, 0.0, 0.0, 0.0]
[1.563551773E12, 1.152245770336256E18, 17.0, 29.0, 0.0, 0.0, 0.0, 0.0, 0.0, 0.0, 0.0, 9.0, 0.0, 0.0, 0.0, 0.0, 0.0, 64.0, 519.0, 626.0, 0.0, 112.0, 0.0, 0.0, 0.0, 0.0]
[1.563535357E12, 1.15217691618460058E18, 4.0, 62.0, 0.0, 0.0, 0.0, 0.0, 0.0, 0.0, 0.0, 17.0, 0.0, 0.0, 0.0, 0.0, 0.0, 72.0, 1488.0, 3271.0, 0.0, 3.0, 0.0, 0.0, 0.0, 0.0]
[1.563548045E12, 1.15223013142924902E18, 13.0, 21.0, 0.0, 0.0, 0.0, 0.0, 0.0, 0.0, 0.0, 6.0, 0.0, 0.0, 0.0, 0.0, 0.0, 46.0, 258.0, 331.0, 0.0, 5.0, 0.0, 0.0, 0.0, 0.0]
[1.563548907E12, 1.15223374543027405E18, 15.0, 37.0, 0.0, 0.0, 0.0, 0.0, 0.0, 0.0, 0.0, 10.0, 0.0, 0.0, 0.0, 0.0, 0.0, 56.0, 2.0586529E7, 1084.0, 0.0, 118370.0, 0.0, 0.0, 0.0, 0.0]
[1.563536714E12, 1.15218260693666202E18, 16.0, 11.0, 0.0, 0.0, 0.0, 0.0, 0.0, 0.0, 0.0, 23.0, 1.0, 0.0, 0.0, 0.0, 0.0, 82.0, 51.0, 93.0, 0.0, 1.0, 0.0, 0.0, 0.0, 0.0]
[1.563549463E12, 1.15223607959384474E18, 37.0, 23.0, 0.0, 0.0, 0.0, 0.0, 0.0, 0.0, 0.0, 20.0, 0.0, 0.0, 0.0, 0.0, 0.0, 115.0, 24137.0, 24952.0, 0.0, 25.0, 0.0, 0.0, 0.0, 0.0]
[1.563541483E12, 1.15220260899774054E18, 2.0, 65.0, 0.0, 0.0, 0.0, 0.0, 0.0, 0.0, 0.0, 29.0, 0.0, 0.0, 0.0, 0.0, 0.0, 78.0, 528.0, 5.0, 0.0, 21.0, 0.0, 0.0, 0.0, 0.0]
[1.563550578E12, 1.15224075748452352E18, 5.0, 58.0, 0.0, 0.0, 0.0, 0.0, 0.0, 0.0, 0.0, 16.0, 0.0, 0.0, 0.0, 0.0, 0.0, 59.0, 111.0, 197.0, 0.0, 0.0, 0.0, 0.0, 0.0, 0.0]
[1.563535966E12, 1.15217947056615424E18, 6.0, 59.0, 0.0, 0.0, 0.0, 0.0, 0.0, 0.0, 0.0, 12.0, 0.0, 0.0, 0.0, 0.0, 0.0, 47.0, 85.0, 522.0, 0.0, 0.0, 0.0, 0.0, 0.0, 0.0]
[1.563551247E12, 1.15224356399384576E18, 8.0, 44.0, 0.0, 0.0, 0.0, 0.0, 0.0, 0.0, 0.0, 11.0, 0.0, 0.0, 0.0, 0.0, 0.0, 51.0, 26106.0, 18536.0, 0.0, 1351.0, 0.0, 0.0, 0.0, 0.0]
[1.563552097E12, 1.15224712886718874E18, 8.0, 10.0, 0.0, 0.0, 0.0, 0.0, 0.0, 0.0, 0.0, 11.0, 0.0, 0.0, 0.0, 0.0, 0.0, 59.0, 817.0, 482.0, 0.0, 32.0, 0.0, 0.0, 0.0, 0.0]
[1.56354884E12, 1.15223346638741504E18, 17.0, 28.0, 0.0, 0.0, 0.0, 0.0, 0.0, 0.0, 0.0, 4.0, 0.0, 0.0, 0.0, 0.0, 0.0, 34.0, 217.0, 1676.0, 0.0, 5.0, 0.0, 0.0, 0.0, 0.0]
[1.563545946E12, 1.15222132869645926E18, 20.0, 26.0, 0.0, 0.0, 0.0, 0.0, 0.0, 0.0, 0.0, 5.0, 0.0, 0.0, 0.0, 0.0, 0.0, 31.0, 15.0, 342.0, 0.0, 0.0, 0.0, 0.0, 0.0, 0.0]
[1.563535941E12, 1.15217936461380813E18, 23.0, 37.0, 0.0, 0.0, 0.0, 0.0, 0.0, 0.0, 0.0, 20.0, 0.0, 0.0, 0.0, 0.0, 0.0, 108.0, 19056.0, 4162.0, 0.0, 267.0, 0.0, 0.0, 0.0, 0.0]
[1.563552294E12, 1.15224795454528717E18, 10.0, 37.0, 0.0, 0.0, 0.0, 0.0, 0.0, 0.0, 0.0, 7.0, 0.0, 0.0, 0.0, 0.0, 0.0, 48.0, 239.0, 208.0, 0.0, 22.0, 0.0, 0.0, 0.0, 0.0]
[1.56355468E12, 1.15225796311069901E18, 2.0, 58.0, 0.0, 0.0, 0.0, 0.0, 0.0, 0.0, 0.0, 19.0, 0.0, 0.0, 0.0, 0.0, 0.0, 86.0, 27003.0, 20234.0, 0.0, 394.0, 0.0, 0.0, 0.0, 0.0]
[1.563538748E12, 1.15219113638098534E18, 6.0, 58.0, 0.0, 0.0, 0.0, 0.0, 0.0, 0.0, 0.0, 21.0, 0.0, 0.0, 0.0, 0.0, 0.0, 94.0, 552.0, 438.0, 0.0, 11.0, 0.0, 0.0, 0.0, 0.0]
[1.563547117E12, 1.15222623997497344E18, 17.0, 39.0, 0.0, 0.0, 0.0, 0.0, 0.0, 0.0, 0.0, 17.0, 0.0, 0.0, 0.0, 0.0, 0.0, 81.0, 1305.0, 1679.0, 0.0, 8.0, 0.0, 0.0, 0.0, 0.0]
[1.563543856E12, 1.1522125626222551E18, 3.0, 25.0, 0.0, 0.0, 0.0, 0.0, 0.0, 0.0, 0.0, 8.0, 0.0, 0.0, 0.0, 0.0, 0.0, 47.0, 28.0, 68.0, 0.0, 0.0, 0.0, 0.0, 0.0, 0.0]
[1.563551401E12, 1.15224420705203405E18, 2.0, 59.0, 0.0, 0.0, 0.0, 0.0, 0.0, 0.0, 0.0, 11.0, 0.0, 0.0, 0.0, 0.0, 0.0, 60.0, 92.0, 17.0, 0.0, 4.0, 0.0, 0.0, 0.0, 0.0]
[1.563536052E12, 1.1521798298039296E18, 5.0, 57.0, 0.0, 0.0, 0.0, 0.0, 0.0, 0.0, 0.0, 17.0, 0.0, 0.0, 0.0, 0.0, 0.0, 42.0, 83.0, 20.0, 0.0, 6.0, 0.0, 0.0, 0.0, 0.0]
[1.563537271E12, 1.15218494180900045E18, 21.0, 18.0, 0.0, 0.0, 0.0, 0.0, 0.0, 0.0, 0.0, 6.0, 0.0, 0.0, 0.0, 0.0, 0.0, 39.0, 1412.0, 840.0, 0.0, 4.0, 0.0, 0.0, 0.0, 0.0]
[1.563541968E12, 1.15220464362113434E18, 4.0, 42.0, 0.0, 0.0, 0.0, 0.0, 0.0, 0.0, 0.0, 15.0, 0.0, 0.0, 0.0, 0.0, 0.0, 82.0, 14.0, 124.0, 0.0, 0.0, 0.0, 0.0, 0.0, 0.0]
[1.563538336E12, 1.15218940975379661E18, 6.0, 45.0, 0.0, 0.0, 0.0, 0.0, 0.0, 0.0, 0.0, 11.0, 0.0, 0.0, 0.0, 0.0, 0.0, 30.0, 99.0, 24.0, 0.0, 3.0, 0.0, 0.0, 0.0, 0.0]
[1.563540087E12, 1.15219675557807718E18, 28.0, 22.0, 0.0, 0.0, 0.0, 0.0, 0.0, 0.0, 0.0, 20.0, 0.0, 0.0, 0.0, 0.0, 0.0, 88.0, 51.0, 266.0, 0.0, 0.0, 0.0, 0.0, 0.0, 0.0]
[1.56354474E12, 1.15221626868392346E18, 7.0, 51.0, 0.0, 0.0, 0.0, 0.0, 0.0, 0.0, 0.0, 13.0, 0.0, 0.0, 0.0, 0.0, 0.0, 60.0, 156803.0, 1213.0, 0.0, 991.0, 0.0, 0.0, 0.0, 0.0]
[1.563536763E12, 1.15218281070011187E18, 1.0, 29.0, 0.0, 0.0, 0.0, 0.0, 0.0, 0.0, 0.0, 8.0, 0.0, 0.0, 0.0, 0.0, 0.0, 42.0, 68746.0, 580.0, 0.0, 563.0, 0.0, 0.0, 0.0, 0.0]
[1.56353874E12, 1.15219110215121306E18, 7.0, 48.0, 0.0, 0.0, 0.0, 0.0, 0.0, 0.0, 0.0, 16.0, 0.0, 0.0, 0.0, 0.0, 0.0, 68.0, 41570.0, 12.0, 0.0, 384.0, 0.0, 0.0, 0.0, 0.0]
[1.563539784E12, 1.15219548109691699E18, 28.0, 27.0, 0.0, 0.0, 0.0, 0.0, 0.0, 0.0, 0.0, 6.0, 0.0, 0.0, 0.0, 0.0, 0.0, 41.0, 77.0, 287.0, 0.0, 1.0, 0.0, 0.0, 0.0, 0.0]
[1.563545702E12, 1.15222030642732237E18, 5.0, 66.0, 0.0, 0.0, 0.0, 0.0, 0.0, 0.0, 0.0, 23.0, 0.0, 0.0, 0.0, 0.0, 0.0, 86.0, 1131.0, 789.0, 0.0, 0.0, 0.0, 0.0, 0.0, 0.0]
[1.563540432E12, 1.15219820020126925E18, 5.0, 31.0, 0.0, 0.0, 0.0, 0.0, 0.0, 0.0, 0.0, 8.0, 0.0, 0.0, 0.0, 0.0, 0.0, 52.0, 1504801.0, 373.0, 0.0, 19105.0, 0.0, 0.0, 0.0, 0.0]
[1.563555181E12, 1.15226006223000371E18, 46.0, 12.0, 0.0, 0.0, 0.0, 0.0, 0.0, 0.0, 0.0, 6.0, 0.0, 0.0, 0.0, 0.0, 0.0, 36.0, 1788.0, 696.0, 0.0, 93.0, 0.0, 0.0, 0.0, 0.0]
[1.563538089E12, 1.1521883716759552E18, 8.0, 53.0, 0.0, 0.0, 0.0, 0.0, 0.0, 0.0, 0.0, 19.0, 0.0, 0.0, 0.0, 0.0, 0.0, 76.0, 792.0, 1255.0, 0.0, 2.0, 0.0, 0.0, 0.0, 0.0]
[1.563554062E12, 1.1522553679859753E18, 47.0, 18.0, 0.0, 0.0, 0.0, 0.0, 0.0, 0.0, 0.0, 24.0, 0.0, 0.0, 0.0, 0.0, 0.0, 126.0, 40.0, 0.0, 0.0, 10.0, 0.0, 0.0, 0.0, 0.0]
[1.563536742E12, 1.15218272208282419E18, 7.0, 48.0, 0.0, 0.0, 0.0, 0.0, 0.0, 0.0, 0.0, 13.0, 0.0, 0.0, 0.0, 0.0, 0.0, 67.0, 1118.0, 3.0, 0.0, 37.0, 0.0, 0.0, 0.0, 0.0]
[1.563551574E12, 1.15224493550621901E18, 17.0, 29.0, 0.0, 0.0, 0.0, 0.0, 0.0, 0.0, 0.0, 9.0, 0.0, 0.0, 0.0, 0.0, 0.0, 64.0, 37706.0, 39089.0, 0.0, 685.0, 0.0, 0.0, 0.0, 0.0]
[1.563540729E12, 1.15219944508325069E18, 1.0, 82.0, 0.0, 0.0, 0.0, 0.0, 0.0, 0.0, 0.0, 12.0, 0.0, 0.0, 0.0, 0.0, 0.0, 51.0, 7541.0, 7462.0, 0.0, 37.0, 0.0, 0.0, 0.0, 0.0]
[1.563546874E12, 1.15222522003349094E18, 13.0, 21.0, 0.0, 0.0, 0.0, 0.0, 0.0, 0.0, 0.0, 6.0, 0.0, 0.0, 0.0, 0.0, 0.0, 46.0, 7362.0, 4111.0, 0.0, 240.0, 0.0, 0.0, 0.0, 0.0]
[1.563538568E12, 1.15219038248824422E18, 21.0, 18.0, 0.0, 0.0, 0.0, 0.0, 0.0, 0.0, 0.0, 7.0, 0.0, 0.0, 0.0, 0.0, 0.0, 40.0, 15990.0, 1211.0, 0.0, 247.0, 0.0, 0.0, 0.0, 0.0]
[1.563538344E12, 1.15218944467131187E18, 2.0, 65.0, 0.0, 0.0, 0.0, 0.0, 0.0, 0.0, 0.0, 29.0, 0.0, 0.0, 0.0, 0.0, 0.0, 78.0, 528.0, 5.0, 0.0, 21.0, 0.0, 0.0, 0.0, 0.0]
[1.563535628E12, 1.15217805101652787E18, 6.0, 59.0, 0.0, 0.0, 0.0, 0.0, 0.0, 0.0, 0.0, 12.0, 0.0, 0.0, 0.0, 0.0, 0.0, 47.0, 3663.0, 1873.0, 0.0, 88.0, 0.0, 0.0, 0.0, 0.0]
[1.56354988E12, 1.15223782728905523E18, 15.0, 48.0, 0.0, 0.0, 0.0, 0.0, 0.0, 0.0, 0.0, 16.0, 1.0, 0.0, 0.0, 0.0, 0.0, 76.0, 83.0, 146.0, 0.0, 0.0, 0.0, 0.0, 0.0, 0.0]
[1.563551553E12, 1.15224484414591386E18, 8.0, 10.0, 0.0, 0.0, 0.0, 0.0, 0.0, 0.0, 0.0, 11.0, 0.0, 0.0, 0.0, 0.0, 0.0, 59.0, 100.0, 90.0, 0.0, 6.0, 0.0, 0.0, 0.0, 0.0]
[1.563548636E12, 1.15223260930237235E18, 17.0, 28.0, 0.0, 0.0, 0.0, 0.0, 0.0, 0.0, 0.0, 4.0, 0.0, 0.0, 0.0, 0.0, 0.0, 34.0, 281.0, 520.0, 0.0, 21.0, 0.0, 0.0, 0.0, 0.0]
[1.563545816E12, 1.15222078358806528E18, 20.0, 26.0, 0.0, 0.0, 0.0, 0.0, 0.0, 0.0, 0.0, 5.0, 0.0, 0.0, 0.0, 0.0, 0.0, 31.0, 954.0, 70.0, 0.0, 11.0, 0.0, 0.0, 0.0, 0.0]
[1.563543345E12, 1.1522104186073047E18, 17.0, 46.0, 0.0, 0.0, 0.0, 0.0, 0.0, 0.0, 0.0, 8.0, 0.0, 0.0, 0.0, 0.0, 0.0, 41.0, 3322408.0, 261.0, 0.0, 26104.0, 0.0, 0.0, 0.0, 0.0]
[1.563551085E12, 1.15224288329622323E18, 11.0, 25.0, 0.0, 0.0, 0.0, 0.0, 0.0, 0.0, 0.0, 7.0, 0.0, 0.0, 0.0, 0.0, 0.0, 48.0, 111.0, 88.0, 0.0, 1.0, 0.0, 0.0, 0.0, 0.0]
[1.563537604E12, 1.15218633911216947E18, 10.0, 47.0, 0.0, 0.0, 0.0, 0.0, 0.0, 0.0, 0.0, 7.0, 0.0, 0.0, 0.0, 0.0, 0.0, 41.0, 11.0, 285.0, 0.0, 0.0, 0.0, 0.0, 0.0, 0.0]
