[1.564879438E12, 1.15781439971909632E18, 9.0, 26.0, 0.0, 0.0, 0.0, 0.0, 0.0, 0.0, 0.0, 17.0, 3.0, 0.0, 0.0, 0.0, 0.0, 52.0, 54.0, 58.0, 0.0, 0.0, 0.0, 0.0, 0.0, 0.0]
[1.564953597E12, 1.15812544269352141E18, 2.0, 67.0, 0.0, 0.0, 0.0, 0.0, 0.0, 0.0, 0.0, 22.0, 0.0, 0.0, 0.0, 0.0, 0.0, 76.0, 202.0, 228.0, 0.0, 13.0, 0.0, 0.0, 0.0, 0.0]
[1.564958655E12, 1.15814666011722138E18, 1.0, 65.0, 0.0, 0.0, 0.0, 0.0, 0.0, 0.0, 0.0, 12.0, 1.0, 0.0, 0.0, 0.0, 0.0, 69.0, 15009.0, 15378.0, 0.0, 12.0, 0.0, 0.0, 0.0, 0.0]
[1.56507524E12, 1.15863565057839104E18, 1.0, 66.0, 0.0, 0.0, 0.0, 0.0, 0.0, 0.0, 0.0, 14.0, 1.0, 0.0, 0.0, 0.0, 0.0, 65.0, 1185.0, 1491.0, 0.0, 3.0, 0.0, 0.0, 0.0, 0.0]
[1.565028139E12, 1.15843809743833498E18, 20.0, 32.0, 0.0, 0.0, 0.0, 0.0, 0.0, 0.0, 0.0, 30.0, 0.0, 0.0, 0.0, 0.0, 0.0, 47.0, 259.0, 1041.0, 0.0, 5.0, 0.0, 0.0, 0.0, 0.0]
[1.565130842E12, 1.15886886394313523E18, 6.0, 61.0, 0.0, 0.0, 0.0, 0.0, 0.0, 0.0, 0.0, 13.0, 0.0, 0.0, 0.0, 0.0, 0.0, 89.0, 20370.0, 24659.0, 0.0, 106.0, 0.0, 0.0, 0.0, 0.0]
[1.56512705E12, 1.1588529603251241E18, 16.0, 38.0, 0.0, 0.0, 0.0, 0.0, 0.0, 0.0, 0.0, 9.0, 0.0, 0.0, 0.0, 0.0, 0.0, 44.0, 3860.0, 5001.0, 0.0, 119.0, 0.0, 0.0, 0.0, 0.0]
[1.565080783E12, 1.15865890186221158E18, 1.0, 23.0, 0.0, 0.0, 0.0, 0.0, 0.0, 0.0, 0.0, 16.0, 0.0, 0.0, 0.0, 0.0, 0.0, 84.0, 10655.0, 7729.0, 0.0, 147.0, 0.0, 0.0, 0.0, 0.0]
[1.565069403E12, 1.15861117062393856E18, 10.0, 37.0, 0.0, 0.0, 0.0, 0.0, 0.0, 0.0, 0.0, 14.0, 0.0, 0.0, 0.0, 0.0, 0.0, 44.0, 652.0, 532.0, 0.0, 1.0, 0.0, 0.0, 0.0, 0.0]
[1.565110633E12, 1.15878410083831398E18, 3.0, 70.0, 0.0, 0.0, 0.0, 0.0, 0.0, 0.0, 0.0, 13.0, 0.0, 0.0, 0.0, 0.0, 0.0, 60.0, 4440.0, 5001.0, 0.0, 6.0, 0.0, 0.0, 0.0, 0.0]
[1.564945859E12, 1.15809298932507034E18, 4.0, 37.0, 0.0, 0.0, 0.0, 0.0, 0.0, 0.0, 0.0, 8.0, 0.0, 0.0, 0.0, 0.0, 0.0, 30.0, 91.0, 37.0, 0.0, 12.0, 0.0, 0.0, 0.0, 0.0]
[1.565135502E12, 1.15888841085104128E18, 10.0, 42.0, 0.0, 0.0, 0.0, 0.0, 0.0, 0.0, 0.0, 11.0, 0.0, 0.0, 0.0, 0.0, 0.0, 57.0, 92.0, 306.0, 0.0, 6.0, 0.0, 14.289999961853027, 11.109999656677246, 12.5]
[1.564918892E12, 1.15797987979687526E18, 5.0, 52.0, 0.0, 0.0, 0.0, 0.0, 0.0, 0.0, 0.0, 102.0, 0.0, 0.0, 0.0, 0.0, 0.0, 215.0, 745.0, 770.0, 0.0, 10.0, 0.0, 0.0, 0.0, 0.0]
[1.565053038E12, 1.15854252932486758E18, 14.0, 46.0, 0.0, 0.0, 0.0, 0.0, 0.0, 0.0, 0.0, 6.0, 0.0, 0.0, 0.0, 0.0, 0.0, 41.0, 2316.0, 229.0, 0.0, 21.0, 0.0, 0.0, 0.0, 0.0]
[1.564917077E12, 1.15797226773068595E18, 1.0, 32.0, 0.0, 0.0, 0.0, 0.0, 0.0, 0.0, 0.0, 11.0, 1.0, 0.0, 0.0, 0.0, 0.0, 66.0, 78.0, 178.0, 0.0, 0.0, 0.0, 0.0, 0.0, 0.0]
[1.564945859E12, 1.15809298932507034E18, 4.0, 37.0, 0.0, 0.0, 0.0, 0.0, 0.0, 0.0, 0.0, 8.0, 0.0, 0.0, 0.0, 0.0, 0.0, 30.0, 91.0, 37.0, 0.0, 12.0, 0.0, 0.0, 0.0, 0.0]
[1.56494204E12, 1.15807697201205658E18, 7.0, 6.0, 0.0, 0.0, 0.0, 0.0, 0.0, 0.0, 0.0, 11.0, 0.0, 0.0, 0.0, 0.0, 0.0, 76.0, 13.0, 98.0, 0.0, 0.0, 0.0, 0.0, 0.0, 0.0]
[1.564903819E12, 1.15791666055417446E18, 5.0, 44.0, 0.0, 0.0, 0.0, 0.0, 0.0, 0.0, 0.0, 7.0, 0.0, 0.0, 0.0, 0.0, 0.0, 40.0, 305.0, 476.0, 0.0, 0.0, 0.0, 0.0, 0.0, 0.0]
[1.56513257E12, 1.15887611089492787E18, 2.0, 63.0, 0.0, 0.0, 0.0, 0.0, 0.0, 0.0, 0.0, 11.0, 0.0, 0.0, 0.0, 0.0, 0.0, 68.0, 667.0, 348.0, 0.0, 86.0, 0.0, 0.0, 0.0, 0.0]
[1.565077263E12, 1.15864413660345549E18, 7.0, 50.0, 0.0, 0.0, 0.0, 0.0, 0.0, 0.0, 0.0, 66.0, 0.0, 0.0, 0.0, 0.0, 0.0, 274.0, 934.0, 2341.0, 0.0, 0.0, 0.0, 0.0, 0.0, 0.0]
[1.565025345E12, 1.15842637666111078E18, 4.0, 39.0, 0.0, 0.0, 0.0, 0.0, 0.0, 0.0, 0.0, 12.0, 0.0, 0.0, 0.0, 0.0, 0.0, 42.0, 2431.0, 4074.0, 0.0, 194.0, 0.0, 0.0, 0.0, 0.0]
[1.564931922E12, 1.15803453457686118E18, 77.0, 2.0, 0.0, 0.0, 0.0, 0.0, 0.0, 0.0, 0.0, 32.0, 1.0, 0.0, 0.0, 0.0, 0.0, 120.0, 130.0, 69.0, 0.0, 0.0, 0.0, 0.0, 0.0, 0.0]
[1.564934251E12, 1.15804430106411827E18, 2.0, 66.0, 0.0, 0.0, 0.0, 0.0, 0.0, 0.0, 0.0, 22.0, 0.0, 0.0, 0.0, 0.0, 0.0, 97.0, 3551.0, 3112.0, 0.0, 18.0, 0.0, 0.0, 0.0, 0.0]
[1.564907875E12, 1.15793367318808166E18, 8.0, 49.0, 0.0, 0.0, 0.0, 0.0, 0.0, 0.0, 0.0, 9.0, 0.0, 0.0, 0.0, 0.0, 0.0, 50.0, 181.0, 401.0, 0.0, 9.0, 0.0, 0.0, 0.0, 0.0]
[1.56495648E12, 1.15813753673425306E18, 8.0, 39.0, 0.0, 0.0, 0.0, 0.0, 0.0, 0.0, 0.0, 13.0, 0.0, 0.0, 0.0, 0.0, 0.0, 64.0, 20140.0, 19336.0, 0.0, 638.0, 0.0, 0.0, 0.0, 0.0]
[1.565030241E12, 1.15844691326538957E18, 7.0, 41.0, 0.0, 0.0, 0.0, 0.0, 0.0, 0.0, 0.0, 98.0, 0.0, 0.0, 0.0, 0.0, 0.0, 253.0, 2306.0, 5000.0, 0.0, 12.0, 0.0, 0.0, 0.0, 0.0]
[1.564943833E12, 1.15808449074244403E18, 1.0, 60.0, 0.0, 0.0, 0.0, 0.0, 0.0, 0.0, 0.0, 122.0, 0.0, 0.0, 0.0, 0.0, 0.0, 269.0, 85.0, 112.0, 0.0, 1.0, 0.0, 0.0, 0.0, 0.0]
[1.56510728E12, 1.1587700377397248E18, 5.0, 62.0, 0.0, 0.0, 0.0, 0.0, 0.0, 0.0, 0.0, 14.0, 0.0, 0.0, 0.0, 0.0, 0.0, 72.0, 139.0, 257.0, 0.0, 2.0, 0.0, 0.0, 0.0, 0.0]
[1.565109762E12, 1.15878044908013978E18, 5.0, 60.0, 0.0, 0.0, 0.0, 0.0, 0.0, 0.0, 0.0, 19.0, 0.0, 0.0, 0.0, 0.0, 0.0, 116.0, 20709.0, 20719.0, 0.0, 78.0, 0.0, 0.0, 0.0, 0.0]
[1.564889375E12, 1.15785607934829363E18, 1.0, 70.0, 0.0, 0.0, 0.0, 0.0, 0.0, 0.0, 0.0, 56.0, 0.0, 0.0, 0.0, 0.0, 0.0, 279.0, 163.0, 524.0, 0.0, 2.0, 0.0, 0.0, 0.0, 0.0]
[1.565125143E12, 1.1588449601936343E18, 1.0, 51.0, 0.0, 0.0, 0.0, 0.0, 0.0, 0.0, 0.0, 58.0, 0.0, 0.0, 0.0, 0.0, 0.0, 209.0, 1.0, 1.0, 0.0, 0.0, 0.0, 0.0, 0.0, 0.0]
[1.564945859E12, 1.15809298932507034E18, 4.0, 37.0, 0.0, 0.0, 0.0, 0.0, 0.0, 0.0, 0.0, 8.0, 0.0, 0.0, 0.0, 0.0, 0.0, 30.0, 91.0, 37.0, 0.0, 12.0, 0.0, 0.0, 0.0, 0.0]
[1.564925162E12, 1.15800618116578509E18, 2.0, 54.0, 0.0, 0.0, 0.0, 0.0, 0.0, 0.0, 0.0, 63.0, 0.0, 0.0, 0.0, 0.0, 0.0, 291.0, 12919.0, 13196.0, 0.0, 100.0, 0.0, 0.0, 0.0, 0.0]
[1.564945775E12, 1.15809263676447539E18, 6.0, 57.0, 0.0, 0.0, 0.0, 0.0, 0.0, 0.0, 0.0, 13.0, 0.0, 0.0, 0.0, 0.0, 0.0, 38.0, 405.0, 694.0, 0.0, 64.0, 0.0, 0.0, 0.0, 0.0]
[1.565111167E12, 1.15878634004284211E18, 4.0, 60.0, 0.0, 0.0, 0.0, 0.0, 0.0, 0.0, 0.0, 57.0, 0.0, 0.0, 0.0, 0.0, 0.0, 178.0, 38.0, 0.0, 0.0, 0.0, 0.0, 0.0, 0.0, 0.0]
[1.565079484E12, 1.15865345078536192E18, 0.0, 65.0, 0.0, 0.0, 0.0, 0.0, 0.0, 0.0, 0.0, 51.0, 0.0, 0.0, 0.0, 0.0, 0.0, 150.0, 310.0, 671.0, 0.0, 0.0, 0.0, 0.0, 0.0, 0.0]
[1.56501368E12, 1.15837744899782656E18, 26.0, 24.0, 0.0, 0.0, 0.0, 0.0, 0.0, 0.0, 0.0, 9.0, 0.0, 0.0, 0.0, 0.0, 0.0, 50.0, 96.0, 181.0, 0.0, 1.0, 0.0, 0.0, 0.0, 0.0]
[1.56498447E12, 1.15825493680472474E18, 0.0, 56.0, 0.0, 0.0, 0.0, 0.0, 0.0, 0.0, 0.0, 26.0, 0.0, 0.0, 0.0, 0.0, 0.0, 132.0, 25.0, 59.0, 0.0, 0.0, 0.0, 0.0, 0.0, 0.0]
[1.565115557E12, 1.15880475479498752E18, 10.0, 39.0, 0.0, 0.0, 0.0, 0.0, 0.0, 0.0, 0.0, 12.0, 0.0, 0.0, 0.0, 0.0, 0.0, 52.0, 1475.0, 4061.0, 0.0, 13.0, 0.0, 0.0, 0.0, 0.0]
[1.565090454E12, 1.15869946380174541E18, 3.0, 66.0, 0.0, 0.0, 0.0, 0.0, 0.0, 0.0, 0.0, 25.0, 0.0, 0.0, 0.0, 0.0, 0.0, 100.0, 683.0, 711.0, 0.0, 8.0, 0.0, 0.0, 0.0, 0.0]
[1.565122364E12, 1.15883330269605478E18, 4.0, 60.0, 0.0, 0.0, 0.0, 0.0, 0.0, 0.0, 0.0, 15.0, 0.0, 0.0, 0.0, 0.0, 0.0, 86.0, 244275.0, 560.0, 0.0, 1755.0, 0.0, 0.0, 0.0, 0.0]
[1.565098108E12, 1.15873156848942285E18, 4.0, 40.0, 0.0, 0.0, 0.0, 0.0, 0.0, 0.0, 0.0, 10.0, 0.0, 0.0, 0.0, 0.0, 0.0, 65.0, 18133.0, 18331.0, 0.0, 33.0, 0.0, 0.0, 0.0, 0.0]
[1.565125236E12, 1.15884535086350336E18, 60.0, 6.0, 0.0, 0.0, 0.0, 0.0, 0.0, 0.0, 0.0, 9.0, 0.0, 0.0, 0.0, 0.0, 0.0, 41.0, 342.0, 496.0, 0.0, 3.0, 0.0, 0.0, 0.0, 0.0]
[1.56501368E12, 1.15837744899782656E18, 26.0, 24.0, 0.0, 0.0, 0.0, 0.0, 0.0, 0.0, 0.0, 9.0, 0.0, 0.0, 0.0, 0.0, 0.0, 50.0, 96.0, 181.0, 0.0, 1.0, 0.0, 0.0, 0.0, 0.0]
[1.564890166E12, 1.15785939674928742E18, 2.0, 67.0, 0.0, 0.0, 0.0, 0.0, 0.0, 0.0, 0.0, 22.0, 0.0, 0.0, 0.0, 0.0, 0.0, 76.0, 85.0, 564.0, 0.0, 2.0, 0.0, 0.0, 0.0, 0.0]
[1.564917077E12, 1.15797226773068595E18, 1.0, 32.0, 0.0, 0.0, 0.0, 0.0, 0.0, 0.0, 0.0, 11.0, 1.0, 0.0, 0.0, 0.0, 0.0, 66.0, 78.0, 178.0, 0.0, 0.0, 0.0, 0.0, 0.0, 0.0]
[1.565112924E12, 1.15879371019010458E18, 41.0, 5.0, 0.0, 0.0, 0.0, 0.0, 0.0, 0.0, 0.0, 16.0, 1.0, 0.0, 0.0, 0.0, 0.0, 81.0, 738.0, 586.0, 0.0, 2.0, 0.0, 0.0, 0.0, 0.0]
[1.564965356E12, 1.15817476428188058E18, 30.0, 30.0, 0.0, 0.0, 0.0, 0.0, 0.0, 0.0, 0.0, 6.0, 0.0, 0.0, 0.0, 0.0, 0.0, 30.0, 1026.0, 3772.0, 0.0, 28.0, 0.0, 0.0, 0.0, 0.0]
[1.565132764E12, 1.15887692386850406E18, 1.0, 54.0, 0.0, 0.0, 0.0, 0.0, 0.0, 0.0, 0.0, 32.0, 0.0, 0.0, 0.0, 0.0, 0.0, 107.0, 85.0, 2.0, 0.0, 2.0, 0.0, 0.0, 0.0, 0.0]
[1.564969864E12, 1.15819367114296115E18, 1.0, 56.0, 0.0, 0.0, 0.0, 0.0, 0.0, 0.0, 0.0, 12.0, 1.0, 0.0, 0.0, 0.0, 0.0, 51.0, 291.0, 320.0, 0.0, 0.0, 0.0, 0.0, 0.0, 0.0]
[1.565125155E12, 1.15884500962766438E18, 6.0, 61.0, 0.0, 0.0, 0.0, 0.0, 0.0, 0.0, 0.0, 13.0, 0.0, 0.0, 0.0, 0.0, 0.0, 89.0, 68.0, 57.0, 0.0, 5.0, 0.0, 0.0, 0.0, 0.0]
[1.565005531E12, 1.1583432697152512E18, 16.0, 38.0, 0.0, 0.0, 0.0, 0.0, 0.0, 0.0, 0.0, 9.0, 0.0, 0.0, 0.0, 0.0, 0.0, 44.0, 187650.0, 166.0, 0.0, 98.0, 0.0, 0.0, 0.0, 0.0]
[1.564923701E12, 1.15800005020475392E18, 8.0, 35.0, 0.0, 0.0, 0.0, 0.0, 0.0, 0.0, 0.0, 8.0, 0.0, 0.0, 0.0, 0.0, 0.0, 47.0, 3581.0, 4999.0, 0.0, 136.0, 0.0, 0.0, 0.0, 0.0]
[1.565044113E12, 1.15850509620606157E18, 1.0, 23.0, 0.0, 0.0, 0.0, 0.0, 0.0, 0.0, 0.0, 16.0, 0.0, 0.0, 0.0, 0.0, 0.0, 84.0, 583.0, 2264.0, 0.0, 8.0, 0.0, 0.0, 0.0, 0.0]
[1.565123277E12, 1.1588371337312215E18, 20.0, 32.0, 0.0, 0.0, 0.0, 0.0, 0.0, 0.0, 0.0, 11.0, 0.0, 0.0, 0.0, 0.0, 0.0, 28.0, 44.0, 93.0, 0.0, 0.0, 0.0, 0.0, 0.0, 0.0]
[1.564888638E12, 1.15785298609539482E18, 12.0, 23.0, 0.0, 0.0, 0.0, 0.0, 0.0, 0.0, 0.0, 9.0, 0.0, 0.0, 0.0, 0.0, 0.0, 48.0, 147.0, 275.0, 0.0, 0.0, 0.0, 0.0, 0.0, 0.0]
[1.565134368E12, 1.15888365086543872E18, 7.0, 53.0, 0.0, 0.0, 0.0, 0.0, 0.0, 0.0, 0.0, 8.0, 0.0, 0.0, 0.0, 0.0, 0.0, 54.0, 158785.0, 1266.0, 0.0, 1393.0, 0.0, 0.0, 0.0, 0.0]
[1.564919006E12, 1.15798035773362176E18, 4.0, 53.0, 0.0, 0.0, 0.0, 0.0, 0.0, 0.0, 0.0, 103.0, 0.0, 0.0, 0.0, 0.0, 0.0, 218.0, 745.0, 770.0, 0.0, 10.0, 0.0, 0.0, 0.0, 0.0]
[1.565015546E12, 1.15838527733489664E18, 3.0, 61.0, 0.0, 0.0, 0.0, 0.0, 0.0, 0.0, 0.0, 11.0, 0.0, 0.0, 0.0, 0.0, 0.0, 59.0, 21.0, 47.0, 0.0, 4.0, 0.0, 0.0, 0.0, 0.0]
[1.565031668E12, 1.15845289657444762E18, 18.0, 35.0, 0.0, 0.0, 0.0, 0.0, 0.0, 0.0, 0.0, 7.0, 0.0, 0.0, 0.0, 0.0, 0.0, 42.0, 297736.0, 537.0, 0.0, 7486.0, 0.0, 0.0, 0.0, 0.0]
[1.56505926E12, 1.15856862526929306E18, 14.0, 44.0, 0.0, 0.0, 0.0, 0.0, 0.0, 0.0, 0.0, 6.0, 0.0, 0.0, 0.0, 0.0, 0.0, 41.0, 40727.0, 2306.0, 0.0, 844.0, 0.0, 0.0, 0.0, 0.0]
[1.565125184E12, 1.15884513347268608E18, 2.0, 63.0, 0.0, 0.0, 0.0, 0.0, 0.0, 0.0, 0.0, 11.0, 0.0, 0.0, 0.0, 0.0, 0.0, 68.0, 590.0, 1057.0, 0.0, 2.0, 0.0, 0.0, 0.0, 0.0]
[1.565047184E12, 1.15851797724082176E18, 7.0, 50.0, 0.0, 0.0, 0.0, 0.0, 0.0, 0.0, 0.0, 66.0, 0.0, 0.0, 0.0, 0.0, 0.0, 274.0, 211.0, 266.0, 0.0, 5.0, 0.0, 0.0, 0.0, 0.0]
[1.565038204E12, 1.15848031070477107E18, 46.0, 15.0, 0.0, 0.0, 0.0, 0.0, 0.0, 0.0, 0.0, 6.0, 0.0, 0.0, 0.0, 0.0, 0.0, 21.0, 2246.0, 1318.0, 0.0, 4.0, 0.0, 0.0, 0.0, 0.0]
[1.564895177E12, 1.15788041142435021E18, 5.0, 59.0, 0.0, 0.0, 0.0, 0.0, 0.0, 0.0, 0.0, 9.0, 0.0, 0.0, 0.0, 0.0, 0.0, 62.0, 4573.0, 4998.0, 0.0, 1.0, 0.0, 0.0, 0.0, 0.0]
[1.565044799E12, 1.15850797177470157E18, 11.0, 16.0, 0.0, 0.0, 0.0, 0.0, 0.0, 0.0, 0.0, 7.0, 0.0, 0.0, 0.0, 0.0, 0.0, 30.0, 635.0, 590.0, 0.0, 11.0, 0.0, 0.0, 0.0, 0.0]
[1.5649383E12, 1.158061283981312E18, 8.0, 39.0, 0.0, 0.0, 0.0, 0.0, 0.0, 0.0, 0.0, 13.0, 0.0, 0.0, 0.0, 0.0, 0.0, 64.0, 32985.0, 7814.0, 0.0, 955.0, 0.0, 0.0, 0.0, 0.0]
[1.565037663E12, 1.15847804133040947E18, 1.0, 59.0, 0.0, 0.0, 0.0, 0.0, 0.0, 0.0, 0.0, 164.0, 0.0, 0.0, 0.0, 0.0, 0.0, 258.0, 793.0, 1359.0, 0.0, 21.0, 0.0, 0.0, 0.0, 0.0]
[1.564943806E12, 1.15808437891803955E18, 1.0, 60.0, 0.0, 0.0, 0.0, 0.0, 0.0, 0.0, 0.0, 122.0, 0.0, 0.0, 0.0, 0.0, 0.0, 269.0, 85.0, 112.0, 0.0, 1.0, 0.0, 0.0, 0.0, 0.0]
[1.565084074E12, 1.15867270350895104E18, 5.0, 62.0, 0.0, 0.0, 0.0, 0.0, 0.0, 0.0, 0.0, 14.0, 0.0, 0.0, 0.0, 0.0, 0.0, 72.0, 5038.0, 4236.0, 0.0, 5.0, 0.0, 0.0, 0.0, 0.0]
[1.565094726E12, 1.15871738421730509E18, 5.0, 60.0, 0.0, 0.0, 0.0, 0.0, 0.0, 0.0, 0.0, 19.0, 0.0, 0.0, 0.0, 0.0, 0.0, 116.0, 2272.0, 4903.0, 0.0, 20.0, 0.0, 0.0, 0.0, 0.0]
[1.565101809E12, 1.15874708980915814E18, 0.0, 22.0, 0.0, 0.0, 0.0, 0.0, 0.0, 0.0, 0.0, 60.0, 0.0, 0.0, 0.0, 0.0, 0.0, 223.0, 1.0, 1.0, 0.0, 0.0, 0.0, 0.0, 0.0, 0.0]
[1.565043751E12, 1.15850357648809165E18, 0.0, 37.0, 0.0, 0.0, 0.0, 0.0, 0.0, 0.0, 0.0, 105.0, 0.0, 0.0, 0.0, 0.0, 0.0, 245.0, 614.0, 297.0, 0.0, 2.0, 0.0, 0.0, 0.0, 0.0]
[1.564881305E12, 1.15782222889086566E18, 6.0, 57.0, 0.0, 0.0, 0.0, 0.0, 0.0, 0.0, 0.0, 13.0, 0.0, 0.0, 0.0, 0.0, 0.0, 38.0, 405.0, 694.0, 0.0, 64.0, 0.0, 0.0, 0.0, 0.0]
[1.56509734E12, 1.15872834584620237E18, 23.0, 17.0, 0.0, 0.0, 0.0, 0.0, 0.0, 0.0, 0.0, 8.0, 0.0, 0.0, 0.0, 0.0, 0.0, 44.0, 1212.0, 5004.0, 0.0, 58.0, 0.0, 0.0, 0.0, 0.0]
[1.565065737E12, 1.15859579233421722E18, 0.0, 65.0, 0.0, 0.0, 0.0, 0.0, 0.0, 0.0, 0.0, 51.0, 0.0, 0.0, 0.0, 0.0, 0.0, 150.0, 250.0, 335.0, 0.0, 0.0, 0.0, 0.0, 0.0, 0.0]
[1.565115397E12, 1.15880408409647514E18, 10.0, 39.0, 0.0, 0.0, 0.0, 0.0, 0.0, 0.0, 0.0, 12.0, 0.0, 0.0, 0.0, 0.0, 0.0, 52.0, 4.0, 16.0, 0.0, 0.0, 0.0, 0.0, 0.0, 0.0]
[1.565104347E12, 1.15875773479326515E18, 4.0, 60.0, 0.0, 0.0, 0.0, 0.0, 0.0, 0.0, 0.0, 15.0, 0.0, 0.0, 0.0, 0.0, 0.0, 86.0, 244275.0, 560.0, 0.0, 1755.0, 0.0, 0.0, 0.0, 0.0]
[1.565014634E12, 1.15838145081689293E18, 5.0, 61.0, 0.0, 0.0, 0.0, 0.0, 0.0, 0.0, 0.0, 10.0, 0.0, 0.0, 0.0, 0.0, 0.0, 46.0, 1813.0, 600.0, 0.0, 3.0, 0.0, 0.0, 0.0, 0.0]
[1.565096358E12, 1.15872422600794931E18, 4.0, 40.0, 0.0, 0.0, 0.0, 0.0, 0.0, 0.0, 0.0, 10.0, 0.0, 0.0, 0.0, 0.0, 0.0, 65.0, 10214.0, 8656.0, 0.0, 81.0, 0.0, 0.0, 0.0, 0.0]
[1.56504444E12, 1.15850646908547482E18, 14.0, 52.0, 0.0, 0.0, 0.0, 0.0, 0.0, 0.0, 0.0, 10.0, 0.0, 0.0, 0.0, 0.0, 0.0, 49.0, 384.0, 599.0, 0.0, 80.0, 0.0, 0.0, 0.0, 0.0]
[1.565015526E12, 1.15838519486654464E18, 10.0, 27.0, 0.0, 0.0, 0.0, 0.0, 0.0, 0.0, 0.0, 18.0, 1.0, 0.0, 0.0, 0.0, 0.0, 66.0, 17129.0, 18646.0, 0.0, 324.0, 0.0, 0.0, 0.0, 0.0]
[1.564948447E12, 1.15810384299264E18, 7.0, 37.0, 0.0, 0.0, 0.0, 0.0, 0.0, 0.0, 0.0, 8.0, 0.0, 0.0, 0.0, 0.0, 0.0, 44.0, 2373.0, 2705.0, 0.0, 74.0, 0.0, 0.0, 0.0, 0.0]
[1.565135517E12, 1.15888847134110515E18, 1.0, 54.0, 0.0, 0.0, 0.0, 0.0, 0.0, 0.0, 0.0, 32.0, 0.0, 0.0, 0.0, 0.0, 0.0, 108.0, 85.0, 2.0, 0.0, 2.0, 0.0, 0.0, 0.0, 0.0]
[1.565118928E12, 1.15881889190634291E18, 6.0, 61.0, 0.0, 0.0, 0.0, 0.0, 0.0, 0.0, 0.0, 13.0, 0.0, 0.0, 0.0, 0.0, 0.0, 89.0, 54.0, 299.0, 0.0, 1.0, 0.0, 0.0, 0.0, 0.0]
[1.564957801E12, 1.15814307718336102E18, 16.0, 38.0, 0.0, 0.0, 0.0, 0.0, 0.0, 0.0, 0.0, 9.0, 0.0, 0.0, 0.0, 0.0, 0.0, 44.0, 583066.0, 213.0, 0.0, 2889.0, 0.0, 0.0, 0.0, 0.0]
[1.564916706E12, 1.15797071341806387E18, 8.0, 35.0, 0.0, 0.0, 0.0, 0.0, 0.0, 0.0, 0.0, 8.0, 0.0, 0.0, 0.0, 0.0, 0.0, 47.0, 105.0, 107.0, 0.0, 2.0, 0.0, 0.0, 0.0, 0.0]
[1.565012163E12, 1.15837108711954022E18, 1.0, 23.0, 0.0, 0.0, 0.0, 0.0, 0.0, 0.0, 0.0, 16.0, 0.0, 0.0, 0.0, 0.0, 0.0, 84.0, 398.0, 1354.0, 0.0, 11.0, 0.0, 0.0, 0.0, 0.0]
[1.565030945E12, 1.15844986738076058E18, 20.0, 32.0, 0.0, 0.0, 0.0, 0.0, 0.0, 0.0, 0.0, 11.0, 0.0, 0.0, 0.0, 0.0, 0.0, 28.0, 44.0, 93.0, 0.0, 0.0, 0.0, 0.0, 0.0, 0.0]
[1.565047634E12, 1.15851986344865792E18, 5.0, 57.0, 0.0, 0.0, 0.0, 0.0, 0.0, 0.0, 0.0, 39.0, 0.0, 0.0, 0.0, 0.0, 0.0, 123.0, 237.0, 820.0, 0.0, 0.0, 0.0, 0.0, 0.0, 0.0]
[1.565020809E12, 1.15840735175972454E18, 24.0, 22.0, 0.0, 0.0, 0.0, 0.0, 0.0, 0.0, 0.0, 21.0, 0.0, 0.0, 0.0, 0.0, 0.0, 87.0, 1771.0, 998.0, 0.0, 9.0, 0.0, 0.0, 0.0, 0.0]
[1.565031287E12, 1.15845130183297434E18, 9.0, 45.0, 0.0, 0.0, 0.0, 0.0, 0.0, 0.0, 0.0, 12.0, 0.0, 0.0, 0.0, 0.0, 0.0, 55.0, 3396.0, 2299.0, 0.0, 51.0, 0.0, 0.0, 0.0, 0.0]
[1.565077593E12, 1.15864552009868493E18, 10.0, 42.0, 0.0, 0.0, 0.0, 0.0, 0.0, 0.0, 0.0, 10.0, 0.0, 0.0, 0.0, 0.0, 0.0, 67.0, 494.0, 1994.0, 0.0, 1.0, 0.0, 11.109999656677246, 11.109999656677246, 11.109999656677246]
[1.564919264E12, 1.15798144050158387E18, 3.0, 56.0, 0.0, 0.0, 0.0, 0.0, 0.0, 0.0, 0.0, 103.0, 0.0, 0.0, 0.0, 0.0, 0.0, 220.0, 745.0, 770.0, 0.0, 10.0, 0.0, 0.0, 0.0, 0.0]
[1.565013351E12, 1.15837607155891814E18, 5.0, 44.0, 0.0, 0.0, 0.0, 0.0, 0.0, 0.0, 0.0, 11.0, 0.0, 0.0, 0.0, 0.0, 0.0, 59.0, 138.0, 175.0, 0.0, 21.0, 0.0, 0.0, 0.0, 0.0]
[1.565008616E12, 1.15835620957510451E18, 8.0, 42.0, 0.0, 0.0, 0.0, 0.0, 0.0, 0.0, 0.0, 8.0, 0.0, 0.0, 0.0, 0.0, 0.0, 42.0, 84.0, 132.0, 0.0, 10.0, 0.0, 0.0, 0.0, 0.0]
[1.564952027E12, 1.15811886104191386E18, 3.0, 57.0, 0.0, 0.0, 0.0, 0.0, 0.0, 0.0, 0.0, 18.0, 0.0, 0.0, 0.0, 0.0, 0.0, 94.0, 25476.0, 27939.0, 0.0, 14.0, 0.0, 0.0, 0.0, 0.0]
[1.565034825E12, 1.15846613962795008E18, 22.0, 40.0, 0.0, 0.0, 0.0, 0.0, 0.0, 0.0, 0.0, 13.0, 0.0, 0.0, 0.0, 0.0, 0.0, 49.0, 44.0, 93.0, 0.0, 0.0, 0.0, 0.0, 0.0, 0.0]
[1.565003546E12, 1.15833494650064896E18, 20.0, 26.0, 0.0, 0.0, 0.0, 0.0, 0.0, 0.0, 0.0, 8.0, 0.0, 0.0, 0.0, 0.0, 0.0, 45.0, 447.0, 486.0, 0.0, 0.0, 0.0, 0.0, 0.0, 0.0]
[1.565123235E12, 1.15883695888764518E18, 2.0, 63.0, 0.0, 0.0, 0.0, 0.0, 0.0, 0.0, 0.0, 11.0, 0.0, 0.0, 0.0, 0.0, 0.0, 68.0, 2151.0, 2717.0, 0.0, 6.0, 0.0, 0.0, 0.0, 0.0]
[1.565026867E12, 1.15843275930571162E18, 7.0, 50.0, 0.0, 0.0, 0.0, 0.0, 0.0, 0.0, 0.0, 66.0, 0.0, 0.0, 0.0, 0.0, 0.0, 274.0, 18.0, 110.0, 0.0, 0.0, 0.0, 0.0, 0.0, 0.0]
[1.565121229E12, 1.15882854350319616E18, 8.0, 53.0, 0.0, 0.0, 0.0, 0.0, 0.0, 0.0, 0.0, 13.0, 1.0, 0.0, 0.0, 0.0, 0.0, 69.0, 8596.0, 9157.0, 0.0, 341.0, 0.0, 0.0, 0.0, 0.0]
[1.564925947E12, 1.15800947045634867E18, 9.0, 33.0, 0.0, 0.0, 0.0, 0.0, 0.0, 0.0, 0.0, 9.0, 0.0, 0.0, 0.0, 0.0, 0.0, 59.0, 5.0, 43.0, 0.0, 0.0, 0.0, 0.0, 0.0, 0.0]
[1.564935E12, 1.15804744344925389E18, 8.0, 39.0, 0.0, 0.0, 0.0, 0.0, 0.0, 0.0, 0.0, 13.0, 0.0, 0.0, 0.0, 0.0, 0.0, 64.0, 2160.0, 1818.0, 0.0, 39.0, 0.0, 0.0, 0.0, 0.0]
[1.565037664E12, 1.15847804629233664E18, 1.0, 45.0, 0.0, 0.0, 0.0, 0.0, 0.0, 0.0, 0.0, 164.0, 0.0, 0.0, 0.0, 0.0, 0.0, 258.0, 793.0, 1359.0, 0.0, 21.0, 0.0, 0.0, 0.0, 0.0]
[1.564943795E12, 1.15808433107784909E18, 1.0, 60.0, 0.0, 0.0, 0.0, 0.0, 0.0, 0.0, 0.0, 122.0, 0.0, 0.0, 0.0, 0.0, 0.0, 269.0, 85.0, 112.0, 0.0, 1.0, 0.0, 0.0, 0.0, 0.0]
[1.565057922E12, 1.15856301711579955E18, 5.0, 62.0, 0.0, 0.0, 0.0, 0.0, 0.0, 0.0, 0.0, 14.0, 0.0, 0.0, 0.0, 0.0, 0.0, 72.0, 54.0, 197.0, 0.0, 1.0, 0.0, 0.0, 0.0, 0.0]
[1.565091399E12, 1.15870342624885555E18, 5.0, 60.0, 0.0, 0.0, 0.0, 0.0, 0.0, 0.0, 0.0, 19.0, 0.0, 0.0, 0.0, 0.0, 0.0, 116.0, 231.0, 676.0, 0.0, 0.0, 0.0, 0.0, 0.0, 0.0]
[1.565135085E12, 1.15888666073993216E18, 2.0, 63.0, 0.0, 0.0, 0.0, 0.0, 0.0, 0.0, 0.0, 39.0, 0.0, 0.0, 0.0, 0.0, 0.0, 167.0, 1.0, 1.0, 0.0, 0.0, 0.0, 0.0, 0.0, 0.0]
[1.564919187E12, 1.15798111790506803E18, 6.0, 33.0, 0.0, 0.0, 0.0, 0.0, 0.0, 0.0, 0.0, 7.0, 0.0, 0.0, 0.0, 0.0, 0.0, 39.0, 31963.0, 526.0, 0.0, 607.0, 0.0, 0.0, 0.0, 0.0]
[1.564977232E12, 1.15822457756841574E18, 0.0, 38.0, 0.0, 0.0, 0.0, 0.0, 0.0, 0.0, 0.0, 105.0, 0.0, 0.0, 0.0, 0.0, 0.0, 253.0, 438.0, 397.0, 0.0, 9.0, 0.0, 0.0, 0.0, 0.0]
[1.564950662E12, 1.15811313552769434E18, 30.0, 24.0, 0.0, 0.0, 0.0, 0.0, 0.0, 0.0, 0.0, 8.0, 0.0, 0.0, 0.0, 0.0, 0.0, 38.0, 613.0, 566.0, 0.0, 32.0, 0.0, 0.0, 0.0, 0.0]
[1.565036553E12, 1.15847338858058547E18, 5.0, 50.0, 0.0, 0.0, 0.0, 0.0, 0.0, 0.0, 0.0, 10.0, 0.0, 0.0, 0.0, 0.0, 0.0, 60.0, 24343.0, 865.0, 0.0, 531.0, 0.0, 0.0, 0.0, 0.0]
[1.564877679E12, 1.15780702300371354E18, 6.0, 57.0, 0.0, 0.0, 0.0, 0.0, 0.0, 0.0, 0.0, 13.0, 0.0, 0.0, 0.0, 0.0, 0.0, 38.0, 1349.0, 1533.0, 0.0, 23.0, 0.0, 0.0, 0.0, 0.0]
[1.56506113E12, 1.1585764692301783E18, 23.0, 17.0, 0.0, 0.0, 0.0, 0.0, 0.0, 0.0, 0.0, 8.0, 0.0, 0.0, 0.0, 0.0, 0.0, 44.0, 272.0, 1671.0, 0.0, 7.0, 0.0, 0.0, 0.0, 0.0]
[1.565054242E12, 1.1585475799296E18, 0.0, 65.0, 0.0, 0.0, 0.0, 0.0, 0.0, 0.0, 0.0, 51.0, 0.0, 0.0, 0.0, 0.0, 0.0, 150.0, 1.0, 49.0, 0.0, 0.0, 0.0, 0.0, 0.0, 0.0]
[1.565126368E12, 1.15885009881578701E18, 12.0, 2.0, 0.0, 0.0, 0.0, 0.0, 0.0, 0.0, 0.0, 11.0, 0.0, 0.0, 0.0, 0.0, 0.0, 53.0, 457.0, 802.0, 0.0, 1.0, 0.0, 0.0, 0.0, 0.0]
[1.565115159E12, 1.15880308237923533E18, 10.0, 39.0, 0.0, 0.0, 0.0, 0.0, 0.0, 0.0, 0.0, 12.0, 0.0, 0.0, 0.0, 0.0, 0.0, 52.0, 7.0, 130.0, 0.0, 0.0, 0.0, 0.0, 0.0, 0.0]
[1.564967145E12, 1.15818226832354918E18, 5.0, 30.0, 0.0, 0.0, 0.0, 0.0, 0.0, 0.0, 0.0, 9.0, 1.0, 0.0, 0.0, 0.0, 0.0, 52.0, 256.0, 264.0, 0.0, 0.0, 0.0, 0.0, 0.0, 0.0]
[1.565114065E12, 1.15879849465785139E18, 2.0, 40.0, 0.0, 0.0, 0.0, 0.0, 0.0, 0.0, 0.0, 16.0, 1.0, 0.0, 0.0, 0.0, 0.0, 69.0, 72.0, 210.0, 0.0, 12.0, 0.0, 0.0, 0.0, 0.0]
[1.565093891E12, 1.15871388136930509E18, 5.0, 54.0, 0.0, 0.0, 0.0, 0.0, 0.0, 0.0, 0.0, 16.0, 0.0, 0.0, 0.0, 0.0, 0.0, 102.0, 78.0, 306.0, 0.0, 10.0, 0.0, 0.0, 0.0, 0.0]
[1.565011903E12, 1.15836999696521626E18, 18.0, 18.0, 0.0, 0.0, 0.0, 0.0, 0.0, 0.0, 0.0, 5.0, 0.0, 0.0, 0.0, 0.0, 0.0, 14.0, 1096.0, 1081.0, 0.0, 19.0, 0.0, 0.0, 0.0, 0.0]
[1.565094155E12, 1.15871498545704141E18, 4.0, 40.0, 0.0, 0.0, 0.0, 0.0, 0.0, 0.0, 0.0, 10.0, 0.0, 0.0, 0.0, 0.0, 0.0, 65.0, 20005.0, 18819.0, 0.0, 44.0, 0.0, 0.0, 0.0, 0.0]
[1.565037519E12, 1.15847744019437158E18, 5.0, 40.0, 0.0, 0.0, 0.0, 0.0, 0.0, 0.0, 0.0, 13.0, 3.0, 0.0, 0.0, 0.0, 0.0, 63.0, 411.0, 510.0, 0.0, 30.0, 0.0, 0.0, 0.0, 0.0]
[1.565034584E12, 1.15846512694256435E18, 5.0, 56.0, 0.0, 0.0, 0.0, 0.0, 0.0, 0.0, 0.0, 18.0, 1.0, 0.0, 0.0, 0.0, 0.0, 78.0, 3240.0, 2840.0, 0.0, 15.0, 0.0, 0.0, 0.0, 0.0]
[1.564914504E12, 1.15796147757326746E18, 7.0, 57.0, 0.0, 0.0, 0.0, 0.0, 0.0, 0.0, 0.0, 16.0, 3.0, 0.0, 0.0, 0.0, 0.0, 45.0, 203.0, 35.0, 0.0, 3.0, 0.0, 0.0, 0.0, 0.0]
[1.565036286E12, 1.15847226687275827E18, 6.0, 13.0, 0.0, 0.0, 0.0, 0.0, 0.0, 0.0, 0.0, 12.0, 1.0, 0.0, 0.0, 0.0, 0.0, 53.0, 738.0, 637.0, 0.0, 2.0, 0.0, 0.0, 0.0, 0.0]
[1.565022834E12, 1.1584158432833495E18, 8.0, 40.0, 0.0, 0.0, 0.0, 0.0, 0.0, 0.0, 0.0, 10.0, 0.0, 0.0, 0.0, 0.0, 0.0, 65.0, 4466.0, 3208.0, 0.0, 36.0, 0.0, 0.0, 0.0, 0.0]
[1.565040645E12, 1.15849055194522419E18, 2.0, 51.0, 0.0, 0.0, 0.0, 0.0, 0.0, 0.0, 0.0, 24.0, 2.0, 0.0, 0.0, 0.0, 0.0, 96.0, 216.0, 275.0, 0.0, 2.0, 0.0, 0.0, 0.0, 0.0]
[1.565034584E12, 1.15846512694256435E18, 5.0, 56.0, 0.0, 0.0, 0.0, 0.0, 0.0, 0.0, 0.0, 18.0, 1.0, 0.0, 0.0, 0.0, 0.0, 78.0, 3240.0, 2840.0, 0.0, 15.0, 0.0, 0.0, 0.0, 0.0]
[1.564949803E12, 1.15810953306933658E18, 13.0, 43.0, 0.0, 0.0, 0.0, 0.0, 0.0, 0.0, 0.0, 9.0, 0.0, 0.0, 0.0, 0.0, 0.0, 44.0, 124.0, 1.0, 0.0, 2.0, 0.0, 0.0, 0.0, 0.0]
[1.56487711E12, 1.15780463514873856E18, 8.0, 35.0, 0.0, 0.0, 0.0, 0.0, 0.0, 0.0, 0.0, 10.0, 0.0, 0.0, 0.0, 0.0, 0.0, 49.0, 1445.0, 4608.0, 0.0, 6.0, 0.0, 0.0, 0.0, 0.0]
[1.565011508E12, 1.15836833872631398E18, 1.0, 23.0, 0.0, 0.0, 0.0, 0.0, 0.0, 0.0, 0.0, 16.0, 0.0, 0.0, 0.0, 0.0, 0.0, 84.0, 1818.0, 1890.0, 0.0, 3.0, 0.0, 0.0, 0.0, 0.0]
[1.565015919E12, 1.15838684069039718E18, 23.0, 5.0, 0.0, 0.0, 0.0, 0.0, 0.0, 0.0, 0.0, 9.0, 0.0, 0.0, 0.0, 0.0, 0.0, 34.0, 45.0, 45.0, 0.0, 0.0, 0.0, 0.0, 0.0, 0.0]
[1.564919187E12, 1.15798111790506803E18, 6.0, 33.0, 0.0, 0.0, 0.0, 0.0, 0.0, 0.0, 0.0, 7.0, 0.0, 0.0, 0.0, 0.0, 0.0, 39.0, 31963.0, 526.0, 0.0, 607.0, 0.0, 0.0, 0.0, 0.0]
[1.565065722E12, 1.15859572935247053E18, 10.0, 42.0, 0.0, 0.0, 0.0, 0.0, 0.0, 0.0, 0.0, 10.0, 0.0, 0.0, 0.0, 0.0, 0.0, 67.0, 212597.0, 93339.0, 0.0, 305.0, 0.0, 11.109999656677246, 11.109999656677246, 11.109999656677246]
[1.564919417E12, 1.15798208213362688E18, 5.0, 55.0, 0.0, 0.0, 0.0, 0.0, 0.0, 0.0, 0.0, 103.0, 0.0, 0.0, 0.0, 0.0, 0.0, 223.0, 745.0, 770.0, 0.0, 10.0, 0.0, 0.0, 0.0, 0.0]
[1.564929929E12, 1.15802617391135949E18, 3.0, 61.0, 0.0, 0.0, 0.0, 0.0, 0.0, 0.0, 0.0, 11.0, 0.0, 0.0, 0.0, 0.0, 0.0, 59.0, 5693.0, 4413.0, 0.0, 187.0, 0.0, 0.0, 0.0, 0.0]
[1.565008614E12, 1.15835620226438758E18, 8.0, 42.0, 0.0, 0.0, 0.0, 0.0, 0.0, 0.0, 0.0, 8.0, 0.0, 0.0, 0.0, 0.0, 0.0, 42.0, 1454.0, 563.0, 0.0, 15.0, 0.0, 0.0, 0.0, 0.0]
[1.565055631E12, 1.15855340385909965E18, 13.0, 36.0, 0.0, 0.0, 0.0, 0.0, 0.0, 0.0, 0.0, 8.0, 0.0, 0.0, 0.0, 0.0, 0.0, 60.0, 219.0, 11.0, 0.0, 19.0, 0.0, 0.0, 0.0, 0.0]
[1.565121396E12, 1.15882924585197978E18, 2.0, 63.0, 0.0, 0.0, 0.0, 0.0, 0.0, 0.0, 0.0, 11.0, 0.0, 0.0, 0.0, 0.0, 0.0, 68.0, 851.0, 970.0, 0.0, 56.0, 0.0, 0.0, 0.0, 0.0]
[1.56501137E12, 1.1583677623408599E18, 7.0, 50.0, 0.0, 0.0, 0.0, 0.0, 0.0, 0.0, 0.0, 67.0, 0.0, 0.0, 0.0, 0.0, 0.0, 275.0, 795.0, 560.0, 0.0, 3.0, 0.0, 0.0, 0.0, 0.0]
[1.565128983E12, 1.15886106643836928E18, 6.0, 58.0, 0.0, 0.0, 0.0, 0.0, 0.0, 0.0, 0.0, 24.0, 0.0, 0.0, 0.0, 0.0, 0.0, 117.0, 4812.0, 5245.0, 0.0, 89.0, 0.0, 0.0, 0.0, 0.0]
[1.564927028E12, 1.15801400785022157E18, 6.0, 58.0, 0.0, 0.0, 0.0, 0.0, 0.0, 0.0, 0.0, 13.0, 0.0, 0.0, 0.0, 0.0, 0.0, 47.0, 14549.0, 3644.0, 0.0, 554.0, 0.0, 0.0, 0.0, 0.0]
[1.56491761E12, 1.15797450419231539E18, 5.0, 41.0, 0.0, 0.0, 0.0, 0.0, 0.0, 0.0, 0.0, 15.0, 0.0, 0.0, 0.0, 0.0, 0.0, 85.0, 1267.0, 4559.0, 0.0, 6.0, 0.0, 0.0, 0.0, 0.0]
[1.565030238E12, 1.15844690012894413E18, 2.0, 51.0, 0.0, 0.0, 0.0, 0.0, 0.0, 0.0, 0.0, 114.0, 0.0, 0.0, 0.0, 0.0, 0.0, 269.0, 2306.0, 5000.0, 0.0, 12.0, 0.0, 0.0, 0.0, 0.0]
[1.564943679E12, 1.15808384690815386E18, 1.0, 60.0, 0.0, 0.0, 0.0, 0.0, 0.0, 0.0, 0.0, 122.0, 0.0, 0.0, 0.0, 0.0, 0.0, 269.0, 85.0, 112.0, 0.0, 1.0, 0.0, 0.0, 0.0, 0.0]
[1.565025136E12, 1.15842550085291622E18, 5.0, 62.0, 0.0, 0.0, 0.0, 0.0, 0.0, 0.0, 0.0, 14.0, 0.0, 0.0, 0.0, 0.0, 0.0, 72.0, 47.0, 396.0, 0.0, 1.0, 0.0, 0.0, 0.0, 0.0]
[1.565056136E12, 1.15855552561483366E18, 5.0, 60.0, 0.0, 0.0, 0.0, 0.0, 0.0, 0.0, 0.0, 19.0, 0.0, 0.0, 0.0, 0.0, 0.0, 116.0, 7228.0, 6906.0, 0.0, 105.0, 0.0, 0.0, 0.0, 0.0]
[1.565113574E12, 1.15879643655902003E18, 2.0, 57.0, 0.0, 0.0, 0.0, 0.0, 0.0, 0.0, 0.0, 55.0, 0.0, 0.0, 0.0, 0.0, 0.0, 221.0, 1.0, 1.0, 0.0, 0.0, 0.0, 0.0, 0.0, 0.0]
[1.564890948E12, 1.15786267408201318E18, 6.0, 33.0, 0.0, 0.0, 0.0, 0.0, 0.0, 0.0, 0.0, 7.0, 0.0, 0.0, 0.0, 0.0, 0.0, 39.0, 707.0, 1760.0, 0.0, 1.0, 0.0, 0.0, 0.0, 0.0]
[1.564947386E12, 1.15809939209771008E18, 0.0, 38.0, 0.0, 0.0, 0.0, 0.0, 0.0, 0.0, 0.0, 105.0, 0.0, 0.0, 0.0, 0.0, 0.0, 253.0, 657.0, 120.0, 0.0, 34.0, 0.0, 0.0, 0.0, 0.0]
[1.56510172E12, 1.15874671630636646E18, 59.0, 9.0, 0.0, 0.0, 0.0, 0.0, 0.0, 0.0, 0.0, 16.0, 0.0, 0.0, 0.0, 0.0, 0.0, 86.0, 253.0, 478.0, 0.0, 1.0, 0.0, 0.0, 0.0, 0.0]
[1.565102987E12, 1.15875203139965747E18, 8.0, 47.0, 0.0, 0.0, 0.0, 0.0, 0.0, 0.0, 0.0, 14.0, 0.0, 0.0, 0.0, 0.0, 0.0, 66.0, 47.0, 92.0, 0.0, 5.0, 0.0, 0.0, 0.0, 0.0]
[1.565059845E12, 1.158571082649088E18, 23.0, 17.0, 0.0, 0.0, 0.0, 0.0, 0.0, 0.0, 0.0, 8.0, 0.0, 0.0, 0.0, 0.0, 0.0, 44.0, 259054.0, 733.0, 0.0, 1823.0, 0.0, 0.0, 0.0, 0.0]
[1.565050975E12, 1.15853387580865741E18, 0.0, 65.0, 0.0, 0.0, 0.0, 0.0, 0.0, 0.0, 0.0, 51.0, 0.0, 0.0, 0.0, 0.0, 0.0, 150.0, 12320.0, 11659.0, 0.0, 5.0, 0.0, 0.0, 0.0, 0.0]
[1.564969864E12, 1.15819367114296115E18, 1.0, 56.0, 0.0, 0.0, 0.0, 0.0, 0.0, 0.0, 0.0, 12.0, 1.0, 0.0, 0.0, 0.0, 0.0, 51.0, 291.0, 320.0, 0.0, 0.0, 0.0, 0.0, 0.0, 0.0]
[1.565115113E12, 1.1588028915342295E18, 10.0, 39.0, 0.0, 0.0, 0.0, 0.0, 0.0, 0.0, 0.0, 12.0, 0.0, 0.0, 0.0, 0.0, 0.0, 52.0, 183.0, 355.0, 0.0, 107.0, 0.0, 0.0, 0.0, 0.0]
[1.564935753E12, 1.15805060022906061E18, 12.0, 25.0, 0.0, 0.0, 0.0, 0.0, 0.0, 0.0, 0.0, 19.0, 1.0, 0.0, 0.0, 0.0, 0.0, 83.0, 140.0, 147.0, 0.0, 0.0, 0.0, 0.0, 0.0, 0.0]
[1.565110669E12, 1.15878425335568384E18, 2.0, 40.0, 0.0, 0.0, 0.0, 0.0, 0.0, 0.0, 0.0, 16.0, 1.0, 0.0, 0.0, 0.0, 0.0, 69.0, 28.0, 267.0, 0.0, 0.0, 0.0, 0.0, 0.0, 0.0]
[1.564900923E12, 1.15790451173173248E18, 9.0, 53.0, 0.0, 0.0, 0.0, 0.0, 0.0, 0.0, 0.0, 16.0, 0.0, 0.0, 0.0, 0.0, 0.0, 48.0, 1511.0, 3845.0, 0.0, 2.0, 0.0, 0.0, 0.0, 0.0]
[1.565090383E12, 1.15869916585084518E18, 4.0, 40.0, 0.0, 0.0, 0.0, 0.0, 0.0, 0.0, 0.0, 10.0, 0.0, 0.0, 0.0, 0.0, 0.0, 65.0, 25908.0, 25891.0, 0.0, 6.0, 0.0, 0.0, 0.0, 0.0]
[1.565013415E12, 1.15837633811129139E18, 10.0, 33.0, 0.0, 0.0, 0.0, 0.0, 0.0, 0.0, 0.0, 13.0, 0.0, 0.0, 0.0, 0.0, 0.0, 65.0, 832.0, 819.0, 0.0, 27.0, 0.0, 0.0, 0.0, 0.0]
[1.565013415E12, 1.15837633811129139E18, 10.0, 33.0, 0.0, 0.0, 0.0, 0.0, 0.0, 0.0, 0.0, 13.0, 0.0, 0.0, 0.0, 0.0, 0.0, 65.0, 832.0, 819.0, 0.0, 27.0, 0.0, 0.0, 0.0, 0.0]
[1.565010663E12, 1.15836479537392845E18, 3.0, 54.0, 0.0, 0.0, 0.0, 0.0, 0.0, 0.0, 0.0, 16.0, 0.0, 0.0, 0.0, 0.0, 0.0, 82.0, 640.0, 737.0, 0.0, 0.0, 0.0, 0.0, 0.0, 0.0]
[1.565021487E12, 1.15841019589629542E18, 8.0, 40.0, 0.0, 0.0, 0.0, 0.0, 0.0, 0.0, 0.0, 10.0, 0.0, 0.0, 0.0, 0.0, 0.0, 65.0, 8444.0, 8319.0, 0.0, 153.0, 0.0, 0.0, 0.0, 0.0]
[1.564879438E12, 1.15781439971909632E18, 9.0, 26.0, 0.0, 0.0, 0.0, 0.0, 0.0, 0.0, 0.0, 17.0, 3.0, 0.0, 0.0, 0.0, 0.0, 52.0, 54.0, 58.0, 0.0, 0.0, 0.0, 0.0, 0.0, 0.0]
[1.565127706E12, 1.15885570849183334E18, 5.0, 68.0, 0.0, 0.0, 0.0, 0.0, 0.0, 0.0, 0.0, 11.0, 0.0, 0.0, 0.0, 0.0, 0.0, 58.0, 293.0, 310.0, 0.0, 1.0, 0.0, 0.0, 0.0, 0.0]
[1.565114471E12, 1.15880019991090381E18, 14.0, 48.0, 0.0, 0.0, 0.0, 0.0, 0.0, 0.0, 0.0, 12.0, 0.0, 0.0, 0.0, 0.0, 0.0, 73.0, 244275.0, 560.0, 0.0, 1755.0, 0.0, 0.0, 0.0, 0.0]
[1.565109924E12, 1.15878112580598989E18, 6.0, 61.0, 0.0, 0.0, 0.0, 0.0, 0.0, 0.0, 0.0, 13.0, 0.0, 0.0, 0.0, 0.0, 0.0, 89.0, 378.0, 438.0, 0.0, 0.0, 0.0, 0.0, 0.0, 0.0]
[1.564931146E12, 1.15803127698240717E18, 5.0, 54.0, 0.0, 0.0, 0.0, 0.0, 0.0, 0.0, 0.0, 9.0, 0.0, 0.0, 0.0, 0.0, 0.0, 44.0, 65514.0, 7.0, 0.0, 221.0, 0.0, 0.0, 0.0, 0.0]
[1.564992845E12, 1.15829006400427622E18, 1.0, 23.0, 0.0, 0.0, 0.0, 0.0, 0.0, 0.0, 0.0, 18.0, 0.0, 0.0, 0.0, 0.0, 0.0, 86.0, 286.0, 0.0, 0.0, 6.0, 0.0, 0.0, 0.0, 0.0]
[1.565061639E12, 1.15857860672301466E18, 14.0, 10.0, 0.0, 0.0, 0.0, 0.0, 0.0, 0.0, 0.0, 10.0, 0.0, 0.0, 0.0, 0.0, 0.0, 32.0, 3227.0, 790.0, 0.0, 0.0, 0.0, 0.0, 0.0, 0.0]
[1.564891365E12, 1.15786442330374144E18, 12.0, 42.0, 0.0, 0.0, 0.0, 0.0, 0.0, 0.0, 0.0, 30.0, 0.0, 0.0, 0.0, 0.0, 0.0, 47.0, 309.0, 677.0, 0.0, 7.0, 0.0, 0.0, 0.0, 0.0]
[1.565034684E12, 1.15846554750962074E18, 4.0, 63.0, 0.0, 0.0, 0.0, 0.0, 0.0, 0.0, 0.0, 6.0, 0.0, 0.0, 0.0, 0.0, 0.0, 38.0, 15225.0, 5974.0, 0.0, 47.0, 0.0, 0.0, 0.0, 0.0]
[1.564890948E12, 1.15786267408201318E18, 6.0, 33.0, 0.0, 0.0, 0.0, 0.0, 0.0, 0.0, 0.0, 7.0, 0.0, 0.0, 0.0, 0.0, 0.0, 39.0, 707.0, 1760.0, 0.0, 1.0, 0.0, 0.0, 0.0, 0.0]
[1.565133325E12, 1.1588792798847017E18, 9.0, 25.0, 0.0, 0.0, 0.0, 0.0, 0.0, 0.0, 0.0, 8.0, 0.0, 0.0, 0.0, 0.0, 0.0, 32.0, 28630.0, 1383.0, 0.0, 684.0, 0.0, 0.0, 0.0, 0.0]
[1.564919111E12, 1.15798079815652966E18, 2.0, 58.0, 0.0, 0.0, 0.0, 0.0, 0.0, 0.0, 0.0, 105.0, 0.0, 0.0, 0.0, 0.0, 0.0, 227.0, 745.0, 770.0, 0.0, 10.0, 0.0, 0.0, 0.0, 0.0]
[1.565008537E12, 1.15835587840539034E18, 8.0, 42.0, 0.0, 0.0, 0.0, 0.0, 0.0, 0.0, 0.0, 8.0, 0.0, 0.0, 0.0, 0.0, 0.0, 42.0, 7696.0, 307.0, 0.0, 371.0, 0.0, 0.0, 0.0, 0.0]
[1.564922062E12, 1.15799317649532109E18, 8.0, 60.0, 0.0, 0.0, 0.0, 0.0, 0.0, 0.0, 0.0, 14.0, 0.0, 0.0, 0.0, 0.0, 0.0, 68.0, 3021.0, 3067.0, 0.0, 2.0, 0.0, 0.0, 0.0, 0.0]
[1.565120418E12, 1.15882514226217779E18, 2.0, 63.0, 0.0, 0.0, 0.0, 0.0, 0.0, 0.0, 0.0, 11.0, 0.0, 0.0, 0.0, 0.0, 0.0, 68.0, 552.0, 1135.0, 0.0, 7.0, 0.0, 0.0, 0.0, 0.0]
[1.564996236E12, 1.15830428485916262E18, 7.0, 50.0, 0.0, 0.0, 0.0, 0.0, 0.0, 0.0, 0.0, 67.0, 0.0, 0.0, 0.0, 0.0, 0.0, 275.0, 136.0, 1324.0, 0.0, 2.0, 0.0, 0.0, 0.0, 0.0]
[1.565115425E12, 1.15880420080280371E18, 6.0, 58.0, 0.0, 0.0, 0.0, 0.0, 0.0, 0.0, 0.0, 24.0, 0.0, 0.0, 0.0, 0.0, 0.0, 117.0, 49.0, 66.0, 0.0, 2.0, 0.0, 0.0, 0.0, 0.0]
[1.564897004E12, 1.15788807561325363E18, 39.0, 21.0, 0.0, 0.0, 0.0, 0.0, 0.0, 0.0, 0.0, 7.0, 0.0, 0.0, 0.0, 0.0, 0.0, 45.0, 1.0, 20.0, 0.0, 0.0, 0.0, 0.0, 0.0, 0.0]
[1.564881102E12, 1.15782137972870349E18, 5.0, 41.0, 0.0, 0.0, 0.0, 0.0, 0.0, 0.0, 0.0, 15.0, 0.0, 0.0, 0.0, 0.0, 0.0, 85.0, 970.0, 2505.0, 0.0, 37.0, 0.0, 0.0, 0.0, 0.0]
[1.564922062E12, 1.15799317649532109E18, 8.0, 60.0, 0.0, 0.0, 0.0, 0.0, 0.0, 0.0, 0.0, 14.0, 0.0, 0.0, 0.0, 0.0, 0.0, 68.0, 3021.0, 3067.0, 0.0, 2.0, 0.0, 0.0, 0.0, 0.0]
[1.565129999E12, 1.15886532754069504E18, 2.0, 38.0, 0.0, 0.0, 0.0, 0.0, 0.0, 0.0, 0.0, 111.0, 0.0, 0.0, 0.0, 0.0, 0.0, 276.0, 207.0, 91.0, 0.0, 20.0, 0.0, 0.0, 0.0, 0.0]
[1.564943542E12, 1.15808327063611392E18, 1.0, 60.0, 0.0, 0.0, 0.0, 0.0, 0.0, 0.0, 0.0, 122.0, 0.0, 0.0, 0.0, 0.0, 0.0, 269.0, 85.0, 112.0, 0.0, 1.0, 0.0, 0.0, 0.0, 0.0]
[1.565009954E12, 1.15836182339096576E18, 5.0, 62.0, 0.0, 0.0, 0.0, 0.0, 0.0, 0.0, 0.0, 14.0, 0.0, 0.0, 0.0, 0.0, 0.0, 72.0, 66.0, 301.0, 0.0, 4.0, 0.0, 0.0, 0.0, 0.0]
[1.565056131E12, 1.15855550260489421E18, 5.0, 60.0, 0.0, 0.0, 0.0, 0.0, 0.0, 0.0, 0.0, 19.0, 0.0, 0.0, 0.0, 0.0, 0.0, 116.0, 223.0, 696.0, 0.0, 8.0, 0.0, 0.0, 0.0, 0.0]
[1.565029769E12, 1.1584449328198697E18, 1.0, 56.0, 0.0, 0.0, 0.0, 0.0, 0.0, 0.0, 0.0, 104.0, 0.0, 0.0, 0.0, 0.0, 0.0, 247.0, 178.0, 550.0, 0.0, 14.0, 0.0, 0.0, 0.0, 0.0]
[1.565018968E12, 1.15839963098139034E18, 8.0, 47.0, 0.0, 0.0, 0.0, 0.0, 0.0, 0.0, 0.0, 14.0, 0.0, 0.0, 0.0, 0.0, 0.0, 66.0, 47.0, 92.0, 0.0, 5.0, 0.0, 0.0, 0.0, 0.0]
[1.565046696E12, 1.1585159293382615E18, 0.0, 65.0, 0.0, 0.0, 0.0, 0.0, 0.0, 0.0, 0.0, 51.0, 0.0, 0.0, 0.0, 0.0, 0.0, 150.0, 3970.0, 4451.0, 0.0, 38.0, 0.0, 0.0, 0.0, 0.0]
[1.565042411E12, 1.15849795553755136E18, 26.0, 30.0, 0.0, 0.0, 0.0, 0.0, 0.0, 0.0, 0.0, 14.0, 0.0, 0.0, 0.0, 0.0, 0.0, 52.0, 2149.0, 873.0, 0.0, 68.0, 0.0, 0.0, 0.0, 0.0]
[1.565039889E12, 1.1584873778301911E18, 76.0, 1.0, 0.0, 0.0, 0.0, 0.0, 0.0, 0.0, 0.0, 6.0, 0.0, 0.0, 0.0, 0.0, 0.0, 25.0, 7.0, 7.0, 0.0, 0.0, 0.0, 0.0, 0.0, 0.0]
[1.56498211E12, 1.15824503751749632E18, 1.0, 59.0, 0.0, 0.0, 0.0, 0.0, 0.0, 0.0, 0.0, 40.0, 0.0, 0.0, 0.0, 0.0, 0.0, 174.0, 92075.0, 1944.0, 0.0, 3152.0, 0.0, 0.0, 0.0, 0.0]
[1.565114962E12, 1.1588022590624727E18, 10.0, 39.0, 0.0, 0.0, 0.0, 0.0, 0.0, 0.0, 0.0, 12.0, 0.0, 0.0, 0.0, 0.0, 0.0, 52.0, 16.0, 26.0, 0.0, 1.0, 0.0, 0.0, 0.0, 0.0]
[1.565116125E12, 1.15880713680737485E18, 4.0, 48.0, 0.0, 0.0, 0.0, 0.0, 0.0, 0.0, 0.0, 15.0, 1.0, 0.0, 0.0, 0.0, 0.0, 78.0, 1154.0, 1476.0, 0.0, 1.0, 0.0, 0.0, 0.0, 0.0]
[1.565104301E12, 1.15875754471165952E18, 2.0, 40.0, 0.0, 0.0, 0.0, 0.0, 0.0, 0.0, 0.0, 16.0, 1.0, 0.0, 0.0, 0.0, 0.0, 69.0, 680.0, 802.0, 0.0, 35.0, 0.0, 0.0, 0.0, 0.0]
[1.565025085E12, 1.15842528627646054E18, 5.0, 54.0, 0.0, 0.0, 0.0, 0.0, 0.0, 0.0, 0.0, 17.0, 0.0, 0.0, 0.0, 0.0, 0.0, 108.0, 39.0, 98.0, 0.0, 1.0, 0.0, 0.0, 0.0, 0.0]
[1.56508971E12, 1.15869634321865523E18, 4.0, 40.0, 0.0, 0.0, 0.0, 0.0, 0.0, 0.0, 0.0, 10.0, 0.0, 0.0, 0.0, 0.0, 0.0, 65.0, 87.0, 119.0, 0.0, 6.0, 0.0, 0.0, 0.0, 0.0]
[1.564975392E12, 1.1582168593525719E18, 8.0, 40.0, 0.0, 0.0, 0.0, 0.0, 0.0, 0.0, 0.0, 10.0, 0.0, 0.0, 0.0, 0.0, 0.0, 65.0, 300.0, 426.0, 0.0, 6.0, 0.0, 0.0, 0.0, 0.0]
[1.565121706E12, 1.1588305424455639E18, 3.0, 58.0, 0.0, 0.0, 0.0, 0.0, 0.0, 0.0, 0.0, 9.0, 0.0, 0.0, 0.0, 0.0, 0.0, 40.0, 783.0, 512.0, 0.0, 2.0, 0.0, 0.0, 0.0, 0.0]
[1.565109815E12, 1.1587806682492887E18, 6.0, 61.0, 0.0, 0.0, 0.0, 0.0, 0.0, 0.0, 0.0, 13.0, 0.0, 0.0, 0.0, 0.0, 0.0, 89.0, 24496.0, 21709.0, 0.0, 30.0, 0.0, 0.0, 0.0, 0.0]
[1.564919093E12, 1.15798072485686067E18, 16.0, 38.0, 0.0, 0.0, 0.0, 0.0, 0.0, 0.0, 0.0, 9.0, 0.0, 0.0, 0.0, 0.0, 0.0, 44.0, 9866.0, 85.0, 0.0, 249.0, 0.0, 0.0, 0.0, 0.0]
[1.564986163E12, 1.15826203796277248E18, 1.0, 23.0, 0.0, 0.0, 0.0, 0.0, 0.0, 0.0, 0.0, 16.0, 0.0, 0.0, 0.0, 0.0, 0.0, 84.0, 11235.0, 0.0, 0.0, 181.0, 0.0, 0.0, 0.0, 0.0]
[1.565097899E12, 1.15873069051251098E18, 26.0, 20.0, 0.0, 0.0, 0.0, 0.0, 0.0, 0.0, 0.0, 7.0, 0.0, 0.0, 0.0, 0.0, 0.0, 25.0, 297.0, 214.0, 0.0, 0.0, 0.0, 0.0, 0.0, 0.0]
[1.564942955E12, 1.15808080660416102E18, 4.0, 54.0, 0.0, 0.0, 0.0, 0.0, 0.0, 0.0, 0.0, 11.0, 0.0, 0.0, 0.0, 0.0, 0.0, 55.0, 416.0, 552.0, 0.0, 3.0, 0.0, 0.0, 0.0, 0.0]
[1.565066886E12, 1.15860061384183398E18, 7.0, 42.0, 0.0, 0.0, 0.0, 0.0, 0.0, 0.0, 0.0, 12.0, 0.0, 0.0, 0.0, 0.0, 0.0, 63.0, 441.0, 647.0, 0.0, 6.0, 0.0, 0.0, 0.0, 0.0]
[1.564919333E12, 1.15798172860832973E18, 1.0, 62.0, 0.0, 0.0, 0.0, 0.0, 0.0, 0.0, 0.0, 103.0, 0.0, 0.0, 0.0, 0.0, 0.0, 222.0, 745.0, 770.0, 0.0, 10.0, 0.0, 0.0, 0.0, 0.0]
[1.564914408E12, 1.15796107392181043E18, 4.0, 59.0, 0.0, 0.0, 0.0, 0.0, 0.0, 0.0, 0.0, 15.0, 0.0, 0.0, 0.0, 0.0, 0.0, 88.0, 1295.0, 30.0, 0.0, 1.0, 0.0, 0.0, 0.0, 0.0]
[1.564879438E12, 1.15781439971909632E18, 9.0, 26.0, 0.0, 0.0, 0.0, 0.0, 0.0, 0.0, 0.0, 17.0, 3.0, 0.0, 0.0, 0.0, 0.0, 52.0, 54.0, 58.0, 0.0, 0.0, 0.0, 0.0, 0.0, 0.0]
[1.564953597E12, 1.15812544269352141E18, 2.0, 67.0, 0.0, 0.0, 0.0, 0.0, 0.0, 0.0, 0.0, 22.0, 0.0, 0.0, 0.0, 0.0, 0.0, 76.0, 202.0, 228.0, 0.0, 13.0, 0.0, 0.0, 0.0, 0.0]
[1.564958655E12, 1.15814666011722138E18, 1.0, 65.0, 0.0, 0.0, 0.0, 0.0, 0.0, 0.0, 0.0, 12.0, 1.0, 0.0, 0.0, 0.0, 0.0, 69.0, 15009.0, 15378.0, 0.0, 12.0, 0.0, 0.0, 0.0, 0.0]
[1.56507524E12, 1.15863565057839104E18, 1.0, 66.0, 0.0, 0.0, 0.0, 0.0, 0.0, 0.0, 0.0, 14.0, 1.0, 0.0, 0.0, 0.0, 0.0, 65.0, 1185.0, 1491.0, 0.0, 3.0, 0.0, 0.0, 0.0, 0.0]
[1.565028139E12, 1.15843809743833498E18, 20.0, 32.0, 0.0, 0.0, 0.0, 0.0, 0.0, 0.0, 0.0, 30.0, 0.0, 0.0, 0.0, 0.0, 0.0, 47.0, 259.0, 1041.0, 0.0, 5.0, 0.0, 0.0, 0.0, 0.0]
[1.565130842E12, 1.15886886394313523E18, 6.0, 61.0, 0.0, 0.0, 0.0, 0.0, 0.0, 0.0, 0.0, 13.0, 0.0, 0.0, 0.0, 0.0, 0.0, 89.0, 20370.0, 24659.0, 0.0, 106.0, 0.0, 0.0, 0.0, 0.0]
[1.56512705E12, 1.1588529603251241E18, 16.0, 38.0, 0.0, 0.0, 0.0, 0.0, 0.0, 0.0, 0.0, 9.0, 0.0, 0.0, 0.0, 0.0, 0.0, 44.0, 3860.0, 5001.0, 0.0, 119.0, 0.0, 0.0, 0.0, 0.0]
[1.565080783E12, 1.15865890186221158E18, 1.0, 23.0, 0.0, 0.0, 0.0, 0.0, 0.0, 0.0, 0.0, 16.0, 0.0, 0.0, 0.0, 0.0, 0.0, 84.0, 10655.0, 7729.0, 0.0, 147.0, 0.0, 0.0, 0.0, 0.0]
[1.565069403E12, 1.15861117062393856E18, 10.0, 37.0, 0.0, 0.0, 0.0, 0.0, 0.0, 0.0, 0.0, 14.0, 0.0, 0.0, 0.0, 0.0, 0.0, 44.0, 652.0, 532.0, 0.0, 1.0, 0.0, 0.0, 0.0, 0.0]
[1.565110633E12, 1.15878410083831398E18, 3.0, 70.0, 0.0, 0.0, 0.0, 0.0, 0.0, 0.0, 0.0, 13.0, 0.0, 0.0, 0.0, 0.0, 0.0, 60.0, 4440.0, 5001.0, 0.0, 6.0, 0.0, 0.0, 0.0, 0.0]
[1.564945859E12, 1.15809298932507034E18, 4.0, 37.0, 0.0, 0.0, 0.0, 0.0, 0.0, 0.0, 0.0, 8.0, 0.0, 0.0, 0.0, 0.0, 0.0, 30.0, 91.0, 37.0, 0.0, 12.0, 0.0, 0.0, 0.0, 0.0]
[1.565135502E12, 1.15888841085104128E18, 10.0, 42.0, 0.0, 0.0, 0.0, 0.0, 0.0, 0.0, 0.0, 11.0, 0.0, 0.0, 0.0, 0.0, 0.0, 57.0, 92.0, 306.0, 0.0, 6.0, 0.0, 14.289999961853027, 11.109999656677246, 12.5]
[1.564918892E12, 1.15797987979687526E18, 5.0, 52.0, 0.0, 0.0, 0.0, 0.0, 0.0, 0.0, 0.0, 102.0, 0.0, 0.0, 0.0, 0.0, 0.0, 215.0, 745.0, 770.0, 0.0, 10.0, 0.0, 0.0, 0.0, 0.0]
[1.565053038E12, 1.15854252932486758E18, 14.0, 46.0, 0.0, 0.0, 0.0, 0.0, 0.0, 0.0, 0.0, 6.0, 0.0, 0.0, 0.0, 0.0, 0.0, 41.0, 2316.0, 229.0, 0.0, 21.0, 0.0, 0.0, 0.0, 0.0]
[1.564917077E12, 1.15797226773068595E18, 1.0, 32.0, 0.0, 0.0, 0.0, 0.0, 0.0, 0.0, 0.0, 11.0, 1.0, 0.0, 0.0, 0.0, 0.0, 66.0, 78.0, 178.0, 0.0, 0.0, 0.0, 0.0, 0.0, 0.0]
[1.564945859E12, 1.15809298932507034E18, 4.0, 37.0, 0.0, 0.0, 0.0, 0.0, 0.0, 0.0, 0.0, 8.0, 0.0, 0.0, 0.0, 0.0, 0.0, 30.0, 91.0, 37.0, 0.0, 12.0, 0.0, 0.0, 0.0, 0.0]
[1.56494204E12, 1.15807697201205658E18, 7.0, 6.0, 0.0, 0.0, 0.0, 0.0, 0.0, 0.0, 0.0, 11.0, 0.0, 0.0, 0.0, 0.0, 0.0, 76.0, 13.0, 98.0, 0.0, 0.0, 0.0, 0.0, 0.0, 0.0]
[1.564903819E12, 1.15791666055417446E18, 5.0, 44.0, 0.0, 0.0, 0.0, 0.0, 0.0, 0.0, 0.0, 7.0, 0.0, 0.0, 0.0, 0.0, 0.0, 40.0, 305.0, 476.0, 0.0, 0.0, 0.0, 0.0, 0.0, 0.0]
[1.56513257E12, 1.15887611089492787E18, 2.0, 63.0, 0.0, 0.0, 0.0, 0.0, 0.0, 0.0, 0.0, 11.0, 0.0, 0.0, 0.0, 0.0, 0.0, 68.0, 667.0, 348.0, 0.0, 86.0, 0.0, 0.0, 0.0, 0.0]
[1.565077263E12, 1.15864413660345549E18, 7.0, 50.0, 0.0, 0.0, 0.0, 0.0, 0.0, 0.0, 0.0, 66.0, 0.0, 0.0, 0.0, 0.0, 0.0, 274.0, 934.0, 2341.0, 0.0, 0.0, 0.0, 0.0, 0.0, 0.0]
[1.565025345E12, 1.15842637666111078E18, 4.0, 39.0, 0.0, 0.0, 0.0, 0.0, 0.0, 0.0, 0.0, 12.0, 0.0, 0.0, 0.0, 0.0, 0.0, 42.0, 2431.0, 4074.0, 0.0, 194.0, 0.0, 0.0, 0.0, 0.0]
[1.564931922E12, 1.15803453457686118E18, 77.0, 2.0, 0.0, 0.0, 0.0, 0.0, 0.0, 0.0, 0.0, 32.0, 1.0, 0.0, 0.0, 0.0, 0.0, 120.0, 130.0, 69.0, 0.0, 0.0, 0.0, 0.0, 0.0, 0.0]
[1.564934251E12, 1.15804430106411827E18, 2.0, 66.0, 0.0, 0.0, 0.0, 0.0, 0.0, 0.0, 0.0, 22.0, 0.0, 0.0, 0.0, 0.0, 0.0, 97.0, 3551.0, 3112.0, 0.0, 18.0, 0.0, 0.0, 0.0, 0.0]
[1.564907875E12, 1.15793367318808166E18, 8.0, 49.0, 0.0, 0.0, 0.0, 0.0, 0.0, 0.0, 0.0, 9.0, 0.0, 0.0, 0.0, 0.0, 0.0, 50.0, 181.0, 401.0, 0.0, 9.0, 0.0, 0.0, 0.0, 0.0]
[1.56495648E12, 1.15813753673425306E18, 8.0, 39.0, 0.0, 0.0, 0.0, 0.0, 0.0, 0.0, 0.0, 13.0, 0.0, 0.0, 0.0, 0.0, 0.0, 64.0, 20140.0, 19336.0, 0.0, 638.0, 0.0, 0.0, 0.0, 0.0]
[1.565030241E12, 1.15844691326538957E18, 7.0, 41.0, 0.0, 0.0, 0.0, 0.0, 0.0, 0.0, 0.0, 98.0, 0.0, 0.0, 0.0, 0.0, 0.0, 253.0, 2306.0, 5000.0, 0.0, 12.0, 0.0, 0.0, 0.0, 0.0]
[1.564943833E12, 1.15808449074244403E18, 1.0, 60.0, 0.0, 0.0, 0.0, 0.0, 0.0, 0.0, 0.0, 122.0, 0.0, 0.0, 0.0, 0.0, 0.0, 269.0, 85.0, 112.0, 0.0, 1.0, 0.0, 0.0, 0.0, 0.0]
[1.56510728E12, 1.1587700377397248E18, 5.0, 62.0, 0.0, 0.0, 0.0, 0.0, 0.0, 0.0, 0.0, 14.0, 0.0, 0.0, 0.0, 0.0, 0.0, 72.0, 139.0, 257.0, 0.0, 2.0, 0.0, 0.0, 0.0, 0.0]
[1.565109762E12, 1.15878044908013978E18, 5.0, 60.0, 0.0, 0.0, 0.0, 0.0, 0.0, 0.0, 0.0, 19.0, 0.0, 0.0, 0.0, 0.0, 0.0, 116.0, 20709.0, 20719.0, 0.0, 78.0, 0.0, 0.0, 0.0, 0.0]
[1.564889375E12, 1.15785607934829363E18, 1.0, 70.0, 0.0, 0.0, 0.0, 0.0, 0.0, 0.0, 0.0, 56.0, 0.0, 0.0, 0.0, 0.0, 0.0, 279.0, 163.0, 524.0, 0.0, 2.0, 0.0, 0.0, 0.0, 0.0]
[1.565125143E12, 1.1588449601936343E18, 1.0, 51.0, 0.0, 0.0, 0.0, 0.0, 0.0, 0.0, 0.0, 58.0, 0.0, 0.0, 0.0, 0.0, 0.0, 209.0, 1.0, 1.0, 0.0, 0.0, 0.0, 0.0, 0.0, 0.0]
[1.564945859E12, 1.15809298932507034E18, 4.0, 37.0, 0.0, 0.0, 0.0, 0.0, 0.0, 0.0, 0.0, 8.0, 0.0, 0.0, 0.0, 0.0, 0.0, 30.0, 91.0, 37.0, 0.0, 12.0, 0.0, 0.0, 0.0, 0.0]
[1.564925162E12, 1.15800618116578509E18, 2.0, 54.0, 0.0, 0.0, 0.0, 0.0, 0.0, 0.0, 0.0, 63.0, 0.0, 0.0, 0.0, 0.0, 0.0, 291.0, 12919.0, 13196.0, 0.0, 100.0, 0.0, 0.0, 0.0, 0.0]
[1.564945775E12, 1.15809263676447539E18, 6.0, 57.0, 0.0, 0.0, 0.0, 0.0, 0.0, 0.0, 0.0, 13.0, 0.0, 0.0, 0.0, 0.0, 0.0, 38.0, 405.0, 694.0, 0.0, 64.0, 0.0, 0.0, 0.0, 0.0]
[1.565111167E12, 1.15878634004284211E18, 4.0, 60.0, 0.0, 0.0, 0.0, 0.0, 0.0, 0.0, 0.0, 57.0, 0.0, 0.0, 0.0, 0.0, 0.0, 178.0, 38.0, 0.0, 0.0, 0.0, 0.0, 0.0, 0.0, 0.0]
[1.565079484E12, 1.15865345078536192E18, 0.0, 65.0, 0.0, 0.0, 0.0, 0.0, 0.0, 0.0, 0.0, 51.0, 0.0, 0.0, 0.0, 0.0, 0.0, 150.0, 310.0, 671.0, 0.0, 0.0, 0.0, 0.0, 0.0, 0.0]
[1.56501368E12, 1.15837744899782656E18, 26.0, 24.0, 0.0, 0.0, 0.0, 0.0, 0.0, 0.0, 0.0, 9.0, 0.0, 0.0, 0.0, 0.0, 0.0, 50.0, 96.0, 181.0, 0.0, 1.0, 0.0, 0.0, 0.0, 0.0]
[1.56498447E12, 1.15825493680472474E18, 0.0, 56.0, 0.0, 0.0, 0.0, 0.0, 0.0, 0.0, 0.0, 26.0, 0.0, 0.0, 0.0, 0.0, 0.0, 132.0, 25.0, 59.0, 0.0, 0.0, 0.0, 0.0, 0.0, 0.0]
[1.565115557E12, 1.15880475479498752E18, 10.0, 39.0, 0.0, 0.0, 0.0, 0.0, 0.0, 0.0, 0.0, 12.0, 0.0, 0.0, 0.0, 0.0, 0.0, 52.0, 1475.0, 4061.0, 0.0, 13.0, 0.0, 0.0, 0.0, 0.0]
[1.565090454E12, 1.15869946380174541E18, 3.0, 66.0, 0.0, 0.0, 0.0, 0.0, 0.0, 0.0, 0.0, 25.0, 0.0, 0.0, 0.0, 0.0, 0.0, 100.0, 683.0, 711.0, 0.0, 8.0, 0.0, 0.0, 0.0, 0.0]
[1.565122364E12, 1.15883330269605478E18, 4.0, 60.0, 0.0, 0.0, 0.0, 0.0, 0.0, 0.0, 0.0, 15.0, 0.0, 0.0, 0.0, 0.0, 0.0, 86.0, 244275.0, 560.0, 0.0, 1755.0, 0.0, 0.0, 0.0, 0.0]
[1.565098108E12, 1.15873156848942285E18, 4.0, 40.0, 0.0, 0.0, 0.0, 0.0, 0.0, 0.0, 0.0, 10.0, 0.0, 0.0, 0.0, 0.0, 0.0, 65.0, 18133.0, 18331.0, 0.0, 33.0, 0.0, 0.0, 0.0, 0.0]
[1.565125236E12, 1.15884535086350336E18, 60.0, 6.0, 0.0, 0.0, 0.0, 0.0, 0.0, 0.0, 0.0, 9.0, 0.0, 0.0, 0.0, 0.0, 0.0, 41.0, 342.0, 496.0, 0.0, 3.0, 0.0, 0.0, 0.0, 0.0]
[1.56501368E12, 1.15837744899782656E18, 26.0, 24.0, 0.0, 0.0, 0.0, 0.0, 0.0, 0.0, 0.0, 9.0, 0.0, 0.0, 0.0, 0.0, 0.0, 50.0, 96.0, 181.0, 0.0, 1.0, 0.0, 0.0, 0.0, 0.0]
[1.564890166E12, 1.15785939674928742E18, 2.0, 67.0, 0.0, 0.0, 0.0, 0.0, 0.0, 0.0, 0.0, 22.0, 0.0, 0.0, 0.0, 0.0, 0.0, 76.0, 85.0, 564.0, 0.0, 2.0, 0.0, 0.0, 0.0, 0.0]
[1.564917077E12, 1.15797226773068595E18, 1.0, 32.0, 0.0, 0.0, 0.0, 0.0, 0.0, 0.0, 0.0, 11.0, 1.0, 0.0, 0.0, 0.0, 0.0, 66.0, 78.0, 178.0, 0.0, 0.0, 0.0, 0.0, 0.0, 0.0]
[1.565112924E12, 1.15879371019010458E18, 41.0, 5.0, 0.0, 0.0, 0.0, 0.0, 0.0, 0.0, 0.0, 16.0, 1.0, 0.0, 0.0, 0.0, 0.0, 81.0, 738.0, 586.0, 0.0, 2.0, 0.0, 0.0, 0.0, 0.0]
[1.564965356E12, 1.15817476428188058E18, 30.0, 30.0, 0.0, 0.0, 0.0, 0.0, 0.0, 0.0, 0.0, 6.0, 0.0, 0.0, 0.0, 0.0, 0.0, 30.0, 1026.0, 3772.0, 0.0, 28.0, 0.0, 0.0, 0.0, 0.0]
[1.565132764E12, 1.15887692386850406E18, 1.0, 54.0, 0.0, 0.0, 0.0, 0.0, 0.0, 0.0, 0.0, 32.0, 0.0, 0.0, 0.0, 0.0, 0.0, 107.0, 85.0, 2.0, 0.0, 2.0, 0.0, 0.0, 0.0, 0.0]
[1.564969864E12, 1.15819367114296115E18, 1.0, 56.0, 0.0, 0.0, 0.0, 0.0, 0.0, 0.0, 0.0, 12.0, 1.0, 0.0, 0.0, 0.0, 0.0, 51.0, 291.0, 320.0, 0.0, 0.0, 0.0, 0.0, 0.0, 0.0]
[1.565125155E12, 1.15884500962766438E18, 6.0, 61.0, 0.0, 0.0, 0.0, 0.0, 0.0, 0.0, 0.0, 13.0, 0.0, 0.0, 0.0, 0.0, 0.0, 89.0, 68.0, 57.0, 0.0, 5.0, 0.0, 0.0, 0.0, 0.0]
[1.565005531E12, 1.1583432697152512E18, 16.0, 38.0, 0.0, 0.0, 0.0, 0.0, 0.0, 0.0, 0.0, 9.0, 0.0, 0.0, 0.0, 0.0, 0.0, 44.0, 187650.0, 166.0, 0.0, 98.0, 0.0, 0.0, 0.0, 0.0]
[1.564923701E12, 1.15800005020475392E18, 8.0, 35.0, 0.0, 0.0, 0.0, 0.0, 0.0, 0.0, 0.0, 8.0, 0.0, 0.0, 0.0, 0.0, 0.0, 47.0, 3581.0, 4999.0, 0.0, 136.0, 0.0, 0.0, 0.0, 0.0]
[1.565044113E12, 1.15850509620606157E18, 1.0, 23.0, 0.0, 0.0, 0.0, 0.0, 0.0, 0.0, 0.0, 16.0, 0.0, 0.0, 0.0, 0.0, 0.0, 84.0, 583.0, 2264.0, 0.0, 8.0, 0.0, 0.0, 0.0, 0.0]
[1.565123277E12, 1.1588371337312215E18, 20.0, 32.0, 0.0, 0.0, 0.0, 0.0, 0.0, 0.0, 0.0, 11.0, 0.0, 0.0, 0.0, 0.0, 0.0, 28.0, 44.0, 93.0, 0.0, 0.0, 0.0, 0.0, 0.0, 0.0]
[1.564888638E12, 1.15785298609539482E18, 12.0, 23.0, 0.0, 0.0, 0.0, 0.0, 0.0, 0.0, 0.0, 9.0, 0.0, 0.0, 0.0, 0.0, 0.0, 48.0, 147.0, 275.0, 0.0, 0.0, 0.0, 0.0, 0.0, 0.0]
[1.565134368E12, 1.15888365086543872E18, 7.0, 53.0, 0.0, 0.0, 0.0, 0.0, 0.0, 0.0, 0.0, 8.0, 0.0, 0.0, 0.0, 0.0, 0.0, 54.0, 158785.0, 1266.0, 0.0, 1393.0, 0.0, 0.0, 0.0, 0.0]
[1.564919006E12, 1.15798035773362176E18, 4.0, 53.0, 0.0, 0.0, 0.0, 0.0, 0.0, 0.0, 0.0, 103.0, 0.0, 0.0, 0.0, 0.0, 0.0, 218.0, 745.0, 770.0, 0.0, 10.0, 0.0, 0.0, 0.0, 0.0]
[1.565015546E12, 1.15838527733489664E18, 3.0, 61.0, 0.0, 0.0, 0.0, 0.0, 0.0, 0.0, 0.0, 11.0, 0.0, 0.0, 0.0, 0.0, 0.0, 59.0, 21.0, 47.0, 0.0, 4.0, 0.0, 0.0, 0.0, 0.0]
[1.565031668E12, 1.15845289657444762E18, 18.0, 35.0, 0.0, 0.0, 0.0, 0.0, 0.0, 0.0, 0.0, 7.0, 0.0, 0.0, 0.0, 0.0, 0.0, 42.0, 297736.0, 537.0, 0.0, 7486.0, 0.0, 0.0, 0.0, 0.0]
[1.56505926E12, 1.15856862526929306E18, 14.0, 44.0, 0.0, 0.0, 0.0, 0.0, 0.0, 0.0, 0.0, 6.0, 0.0, 0.0, 0.0, 0.0, 0.0, 41.0, 40727.0, 2306.0, 0.0, 844.0, 0.0, 0.0, 0.0, 0.0]
[1.565125184E12, 1.15884513347268608E18, 2.0, 63.0, 0.0, 0.0, 0.0, 0.0, 0.0, 0.0, 0.0, 11.0, 0.0, 0.0, 0.0, 0.0, 0.0, 68.0, 590.0, 1057.0, 0.0, 2.0, 0.0, 0.0, 0.0, 0.0]
[1.565047184E12, 1.15851797724082176E18, 7.0, 50.0, 0.0, 0.0, 0.0, 0.0, 0.0, 0.0, 0.0, 66.0, 0.0, 0.0, 0.0, 0.0, 0.0, 274.0, 211.0, 266.0, 0.0, 5.0, 0.0, 0.0, 0.0, 0.0]
[1.565038204E12, 1.15848031070477107E18, 46.0, 15.0, 0.0, 0.0, 0.0, 0.0, 0.0, 0.0, 0.0, 6.0, 0.0, 0.0, 0.0, 0.0, 0.0, 21.0, 2246.0, 1318.0, 0.0, 4.0, 0.0, 0.0, 0.0, 0.0]
[1.564895177E12, 1.15788041142435021E18, 5.0, 59.0, 0.0, 0.0, 0.0, 0.0, 0.0, 0.0, 0.0, 9.0, 0.0, 0.0, 0.0, 0.0, 0.0, 62.0, 4573.0, 4998.0, 0.0, 1.0, 0.0, 0.0, 0.0, 0.0]
[1.565044799E12, 1.15850797177470157E18, 11.0, 16.0, 0.0, 0.0, 0.0, 0.0, 0.0, 0.0, 0.0, 7.0, 0.0, 0.0, 0.0, 0.0, 0.0, 30.0, 635.0, 590.0, 0.0, 11.0, 0.0, 0.0, 0.0, 0.0]
[1.5649383E12, 1.158061283981312E18, 8.0, 39.0, 0.0, 0.0, 0.0, 0.0, 0.0, 0.0, 0.0, 13.0, 0.0, 0.0, 0.0, 0.0, 0.0, 64.0, 32985.0, 7814.0, 0.0, 955.0, 0.0, 0.0, 0.0, 0.0]
[1.565037663E12, 1.15847804133040947E18, 1.0, 59.0, 0.0, 0.0, 0.0, 0.0, 0.0, 0.0, 0.0, 164.0, 0.0, 0.0, 0.0, 0.0, 0.0, 258.0, 793.0, 1359.0, 0.0, 21.0, 0.0, 0.0, 0.0, 0.0]
[1.564943806E12, 1.15808437891803955E18, 1.0, 60.0, 0.0, 0.0, 0.0, 0.0, 0.0, 0.0, 0.0, 122.0, 0.0, 0.0, 0.0, 0.0, 0.0, 269.0, 85.0, 112.0, 0.0, 1.0, 0.0, 0.0, 0.0, 0.0]
[1.565084074E12, 1.15867270350895104E18, 5.0, 62.0, 0.0, 0.0, 0.0, 0.0, 0.0, 0.0, 0.0, 14.0, 0.0, 0.0, 0.0, 0.0, 0.0, 72.0, 5038.0, 4236.0, 0.0, 5.0, 0.0, 0.0, 0.0, 0.0]
[1.565094726E12, 1.15871738421730509E18, 5.0, 60.0, 0.0, 0.0, 0.0, 0.0, 0.0, 0.0, 0.0, 19.0, 0.0, 0.0, 0.0, 0.0, 0.0, 116.0, 2272.0, 4903.0, 0.0, 20.0, 0.0, 0.0, 0.0, 0.0]
[1.565101809E12, 1.15874708980915814E18, 0.0, 22.0, 0.0, 0.0, 0.0, 0.0, 0.0, 0.0, 0.0, 60.0, 0.0, 0.0, 0.0, 0.0, 0.0, 223.0, 1.0, 1.0, 0.0, 0.0, 0.0, 0.0, 0.0, 0.0]
[1.565043751E12, 1.15850357648809165E18, 0.0, 37.0, 0.0, 0.0, 0.0, 0.0, 0.0, 0.0, 0.0, 105.0, 0.0, 0.0, 0.0, 0.0, 0.0, 245.0, 614.0, 297.0, 0.0, 2.0, 0.0, 0.0, 0.0, 0.0]
[1.564881305E12, 1.15782222889086566E18, 6.0, 57.0, 0.0, 0.0, 0.0, 0.0, 0.0, 0.0, 0.0, 13.0, 0.0, 0.0, 0.0, 0.0, 0.0, 38.0, 405.0, 694.0, 0.0, 64.0, 0.0, 0.0, 0.0, 0.0]
[1.56509734E12, 1.15872834584620237E18, 23.0, 17.0, 0.0, 0.0, 0.0, 0.0, 0.0, 0.0, 0.0, 8.0, 0.0, 0.0, 0.0, 0.0, 0.0, 44.0, 1212.0, 5004.0, 0.0, 58.0, 0.0, 0.0, 0.0, 0.0]
[1.565065737E12, 1.15859579233421722E18, 0.0, 65.0, 0.0, 0.0, 0.0, 0.0, 0.0, 0.0, 0.0, 51.0, 0.0, 0.0, 0.0, 0.0, 0.0, 150.0, 250.0, 335.0, 0.0, 0.0, 0.0, 0.0, 0.0, 0.0]
[1.565115397E12, 1.15880408409647514E18, 10.0, 39.0, 0.0, 0.0, 0.0, 0.0, 0.0, 0.0, 0.0, 12.0, 0.0, 0.0, 0.0, 0.0, 0.0, 52.0, 4.0, 16.0, 0.0, 0.0, 0.0, 0.0, 0.0, 0.0]
[1.565104347E12, 1.15875773479326515E18, 4.0, 60.0, 0.0, 0.0, 0.0, 0.0, 0.0, 0.0, 0.0, 15.0, 0.0, 0.0, 0.0, 0.0, 0.0, 86.0, 244275.0, 560.0, 0.0, 1755.0, 0.0, 0.0, 0.0, 0.0]
[1.565014634E12, 1.15838145081689293E18, 5.0, 61.0, 0.0, 0.0, 0.0, 0.0, 0.0, 0.0, 0.0, 10.0, 0.0, 0.0, 0.0, 0.0, 0.0, 46.0, 1813.0, 600.0, 0.0, 3.0, 0.0, 0.0, 0.0, 0.0]
[1.565096358E12, 1.15872422600794931E18, 4.0, 40.0, 0.0, 0.0, 0.0, 0.0, 0.0, 0.0, 0.0, 10.0, 0.0, 0.0, 0.0, 0.0, 0.0, 65.0, 10214.0, 8656.0, 0.0, 81.0, 0.0, 0.0, 0.0, 0.0]
[1.56504444E12, 1.15850646908547482E18, 14.0, 52.0, 0.0, 0.0, 0.0, 0.0, 0.0, 0.0, 0.0, 10.0, 0.0, 0.0, 0.0, 0.0, 0.0, 49.0, 384.0, 599.0, 0.0, 80.0, 0.0, 0.0, 0.0, 0.0]
[1.565015526E12, 1.15838519486654464E18, 10.0, 27.0, 0.0, 0.0, 0.0, 0.0, 0.0, 0.0, 0.0, 18.0, 1.0, 0.0, 0.0, 0.0, 0.0, 66.0, 17129.0, 18646.0, 0.0, 324.0, 0.0, 0.0, 0.0, 0.0]
[1.564948447E12, 1.15810384299264E18, 7.0, 37.0, 0.0, 0.0, 0.0, 0.0, 0.0, 0.0, 0.0, 8.0, 0.0, 0.0, 0.0, 0.0, 0.0, 44.0, 2373.0, 2705.0, 0.0, 74.0, 0.0, 0.0, 0.0, 0.0]
[1.565135517E12, 1.15888847134110515E18, 1.0, 54.0, 0.0, 0.0, 0.0, 0.0, 0.0, 0.0, 0.0, 32.0, 0.0, 0.0, 0.0, 0.0, 0.0, 108.0, 85.0, 2.0, 0.0, 2.0, 0.0, 0.0, 0.0, 0.0]
[1.565118928E12, 1.15881889190634291E18, 6.0, 61.0, 0.0, 0.0, 0.0, 0.0, 0.0, 0.0, 0.0, 13.0, 0.0, 0.0, 0.0, 0.0, 0.0, 89.0, 54.0, 299.0, 0.0, 1.0, 0.0, 0.0, 0.0, 0.0]
[1.564957801E12, 1.15814307718336102E18, 16.0, 38.0, 0.0, 0.0, 0.0, 0.0, 0.0, 0.0, 0.0, 9.0, 0.0, 0.0, 0.0, 0.0, 0.0, 44.0, 583066.0, 213.0, 0.0, 2889.0, 0.0, 0.0, 0.0, 0.0]
[1.564916706E12, 1.15797071341806387E18, 8.0, 35.0, 0.0, 0.0, 0.0, 0.0, 0.0, 0.0, 0.0, 8.0, 0.0, 0.0, 0.0, 0.0, 0.0, 47.0, 105.0, 107.0, 0.0, 2.0, 0.0, 0.0, 0.0, 0.0]
[1.565012163E12, 1.15837108711954022E18, 1.0, 23.0, 0.0, 0.0, 0.0, 0.0, 0.0, 0.0, 0.0, 16.0, 0.0, 0.0, 0.0, 0.0, 0.0, 84.0, 398.0, 1354.0, 0.0, 11.0, 0.0, 0.0, 0.0, 0.0]
[1.565030945E12, 1.15844986738076058E18, 20.0, 32.0, 0.0, 0.0, 0.0, 0.0, 0.0, 0.0, 0.0, 11.0, 0.0, 0.0, 0.0, 0.0, 0.0, 28.0, 44.0, 93.0, 0.0, 0.0, 0.0, 0.0, 0.0, 0.0]
[1.565047634E12, 1.15851986344865792E18, 5.0, 57.0, 0.0, 0.0, 0.0, 0.0, 0.0, 0.0, 0.0, 39.0, 0.0, 0.0, 0.0, 0.0, 0.0, 123.0, 237.0, 820.0, 0.0, 0.0, 0.0, 0.0, 0.0, 0.0]
[1.565020809E12, 1.15840735175972454E18, 24.0, 22.0, 0.0, 0.0, 0.0, 0.0, 0.0, 0.0, 0.0, 21.0, 0.0, 0.0, 0.0, 0.0, 0.0, 87.0, 1771.0, 998.0, 0.0, 9.0, 0.0, 0.0, 0.0, 0.0]
[1.565031287E12, 1.15845130183297434E18, 9.0, 45.0, 0.0, 0.0, 0.0, 0.0, 0.0, 0.0, 0.0, 12.0, 0.0, 0.0, 0.0, 0.0, 0.0, 55.0, 3396.0, 2299.0, 0.0, 51.0, 0.0, 0.0, 0.0, 0.0]
[1.565077593E12, 1.15864552009868493E18, 10.0, 42.0, 0.0, 0.0, 0.0, 0.0, 0.0, 0.0, 0.0, 10.0, 0.0, 0.0, 0.0, 0.0, 0.0, 67.0, 494.0, 1994.0, 0.0, 1.0, 0.0, 11.109999656677246, 11.109999656677246, 11.109999656677246]
[1.564919264E12, 1.15798144050158387E18, 3.0, 56.0, 0.0, 0.0, 0.0, 0.0, 0.0, 0.0, 0.0, 103.0, 0.0, 0.0, 0.0, 0.0, 0.0, 220.0, 745.0, 770.0, 0.0, 10.0, 0.0, 0.0, 0.0, 0.0]
[1.565013351E12, 1.15837607155891814E18, 5.0, 44.0, 0.0, 0.0, 0.0, 0.0, 0.0, 0.0, 0.0, 11.0, 0.0, 0.0, 0.0, 0.0, 0.0, 59.0, 138.0, 175.0, 0.0, 21.0, 0.0, 0.0, 0.0, 0.0]
[1.565008616E12, 1.15835620957510451E18, 8.0, 42.0, 0.0, 0.0, 0.0, 0.0, 0.0, 0.0, 0.0, 8.0, 0.0, 0.0, 0.0, 0.0, 0.0, 42.0, 84.0, 132.0, 0.0, 10.0, 0.0, 0.0, 0.0, 0.0]
[1.564952027E12, 1.15811886104191386E18, 3.0, 57.0, 0.0, 0.0, 0.0, 0.0, 0.0, 0.0, 0.0, 18.0, 0.0, 0.0, 0.0, 0.0, 0.0, 94.0, 25476.0, 27939.0, 0.0, 14.0, 0.0, 0.0, 0.0, 0.0]
[1.565034825E12, 1.15846613962795008E18, 22.0, 40.0, 0.0, 0.0, 0.0, 0.0, 0.0, 0.0, 0.0, 13.0, 0.0, 0.0, 0.0, 0.0, 0.0, 49.0, 44.0, 93.0, 0.0, 0.0, 0.0, 0.0, 0.0, 0.0]
[1.565003546E12, 1.15833494650064896E18, 20.0, 26.0, 0.0, 0.0, 0.0, 0.0, 0.0, 0.0, 0.0, 8.0, 0.0, 0.0, 0.0, 0.0, 0.0, 45.0, 447.0, 486.0, 0.0, 0.0, 0.0, 0.0, 0.0, 0.0]
[1.565123235E12, 1.15883695888764518E18, 2.0, 63.0, 0.0, 0.0, 0.0, 0.0, 0.0, 0.0, 0.0, 11.0, 0.0, 0.0, 0.0, 0.0, 0.0, 68.0, 2151.0, 2717.0, 0.0, 6.0, 0.0, 0.0, 0.0, 0.0]
[1.565026867E12, 1.15843275930571162E18, 7.0, 50.0, 0.0, 0.0, 0.0, 0.0, 0.0, 0.0, 0.0, 66.0, 0.0, 0.0, 0.0, 0.0, 0.0, 274.0, 18.0, 110.0, 0.0, 0.0, 0.0, 0.0, 0.0, 0.0]
[1.565121229E12, 1.15882854350319616E18, 8.0, 53.0, 0.0, 0.0, 0.0, 0.0, 0.0, 0.0, 0.0, 13.0, 1.0, 0.0, 0.0, 0.0, 0.0, 69.0, 8596.0, 9157.0, 0.0, 341.0, 0.0, 0.0, 0.0, 0.0]
[1.564925947E12, 1.15800947045634867E18, 9.0, 33.0, 0.0, 0.0, 0.0, 0.0, 0.0, 0.0, 0.0, 9.0, 0.0, 0.0, 0.0, 0.0, 0.0, 59.0, 5.0, 43.0, 0.0, 0.0, 0.0, 0.0, 0.0, 0.0]
[1.564935E12, 1.15804744344925389E18, 8.0, 39.0, 0.0, 0.0, 0.0, 0.0, 0.0, 0.0, 0.0, 13.0, 0.0, 0.0, 0.0, 0.0, 0.0, 64.0, 2160.0, 1818.0, 0.0, 39.0, 0.0, 0.0, 0.0, 0.0]
[1.565037664E12, 1.15847804629233664E18, 1.0, 45.0, 0.0, 0.0, 0.0, 0.0, 0.0, 0.0, 0.0, 164.0, 0.0, 0.0, 0.0, 0.0, 0.0, 258.0, 793.0, 1359.0, 0.0, 21.0, 0.0, 0.0, 0.0, 0.0]
[1.564943795E12, 1.15808433107784909E18, 1.0, 60.0, 0.0, 0.0, 0.0, 0.0, 0.0, 0.0, 0.0, 122.0, 0.0, 0.0, 0.0, 0.0, 0.0, 269.0, 85.0, 112.0, 0.0, 1.0, 0.0, 0.0, 0.0, 0.0]
[1.565057922E12, 1.15856301711579955E18, 5.0, 62.0, 0.0, 0.0, 0.0, 0.0, 0.0, 0.0, 0.0, 14.0, 0.0, 0.0, 0.0, 0.0, 0.0, 72.0, 54.0, 197.0, 0.0, 1.0, 0.0, 0.0, 0.0, 0.0]
[1.565091399E12, 1.15870342624885555E18, 5.0, 60.0, 0.0, 0.0, 0.0, 0.0, 0.0, 0.0, 0.0, 19.0, 0.0, 0.0, 0.0, 0.0, 0.0, 116.0, 231.0, 676.0, 0.0, 0.0, 0.0, 0.0, 0.0, 0.0]
[1.565135085E12, 1.15888666073993216E18, 2.0, 63.0, 0.0, 0.0, 0.0, 0.0, 0.0, 0.0, 0.0, 39.0, 0.0, 0.0, 0.0, 0.0, 0.0, 167.0, 1.0, 1.0, 0.0, 0.0, 0.0, 0.0, 0.0, 0.0]
[1.564919187E12, 1.15798111790506803E18, 6.0, 33.0, 0.0, 0.0, 0.0, 0.0, 0.0, 0.0, 0.0, 7.0, 0.0, 0.0, 0.0, 0.0, 0.0, 39.0, 31963.0, 526.0, 0.0, 607.0, 0.0, 0.0, 0.0, 0.0]
[1.564977232E12, 1.15822457756841574E18, 0.0, 38.0, 0.0, 0.0, 0.0, 0.0, 0.0, 0.0, 0.0, 105.0, 0.0, 0.0, 0.0, 0.0, 0.0, 253.0, 438.0, 397.0, 0.0, 9.0, 0.0, 0.0, 0.0, 0.0]
[1.564950662E12, 1.15811313552769434E18, 30.0, 24.0, 0.0, 0.0, 0.0, 0.0, 0.0, 0.0, 0.0, 8.0, 0.0, 0.0, 0.0, 0.0, 0.0, 38.0, 613.0, 566.0, 0.0, 32.0, 0.0, 0.0, 0.0, 0.0]
[1.565036553E12, 1.15847338858058547E18, 5.0, 50.0, 0.0, 0.0, 0.0, 0.0, 0.0, 0.0, 0.0, 10.0, 0.0, 0.0, 0.0, 0.0, 0.0, 60.0, 24343.0, 865.0, 0.0, 531.0, 0.0, 0.0, 0.0, 0.0]
[1.564877679E12, 1.15780702300371354E18, 6.0, 57.0, 0.0, 0.0, 0.0, 0.0, 0.0, 0.0, 0.0, 13.0, 0.0, 0.0, 0.0, 0.0, 0.0, 38.0, 1349.0, 1533.0, 0.0, 23.0, 0.0, 0.0, 0.0, 0.0]
[1.56506113E12, 1.1585764692301783E18, 23.0, 17.0, 0.0, 0.0, 0.0, 0.0, 0.0, 0.0, 0.0, 8.0, 0.0, 0.0, 0.0, 0.0, 0.0, 44.0, 272.0, 1671.0, 0.0, 7.0, 0.0, 0.0, 0.0, 0.0]
[1.565054242E12, 1.1585475799296E18, 0.0, 65.0, 0.0, 0.0, 0.0, 0.0, 0.0, 0.0, 0.0, 51.0, 0.0, 0.0, 0.0, 0.0, 0.0, 150.0, 1.0, 49.0, 0.0, 0.0, 0.0, 0.0, 0.0, 0.0]
[1.565126368E12, 1.15885009881578701E18, 12.0, 2.0, 0.0, 0.0, 0.0, 0.0, 0.0, 0.0, 0.0, 11.0, 0.0, 0.0, 0.0, 0.0, 0.0, 53.0, 457.0, 802.0, 0.0, 1.0, 0.0, 0.0, 0.0, 0.0]
[1.565115159E12, 1.15880308237923533E18, 10.0, 39.0, 0.0, 0.0, 0.0, 0.0, 0.0, 0.0, 0.0, 12.0, 0.0, 0.0, 0.0, 0.0, 0.0, 52.0, 7.0, 130.0, 0.0, 0.0, 0.0, 0.0, 0.0, 0.0]
[1.564967145E12, 1.15818226832354918E18, 5.0, 30.0, 0.0, 0.0, 0.0, 0.0, 0.0, 0.0, 0.0, 9.0, 1.0, 0.0, 0.0, 0.0, 0.0, 52.0, 256.0, 264.0, 0.0, 0.0, 0.0, 0.0, 0.0, 0.0]
[1.565114065E12, 1.15879849465785139E18, 2.0, 40.0, 0.0, 0.0, 0.0, 0.0, 0.0, 0.0, 0.0, 16.0, 1.0, 0.0, 0.0, 0.0, 0.0, 69.0, 72.0, 210.0, 0.0, 12.0, 0.0, 0.0, 0.0, 0.0]
[1.565093891E12, 1.15871388136930509E18, 5.0, 54.0, 0.0, 0.0, 0.0, 0.0, 0.0, 0.0, 0.0, 16.0, 0.0, 0.0, 0.0, 0.0, 0.0, 102.0, 78.0, 306.0, 0.0, 10.0, 0.0, 0.0, 0.0, 0.0]
[1.565011903E12, 1.15836999696521626E18, 18.0, 18.0, 0.0, 0.0, 0.0, 0.0, 0.0, 0.0, 0.0, 5.0, 0.0, 0.0, 0.0, 0.0, 0.0, 14.0, 1096.0, 1081.0, 0.0, 19.0, 0.0, 0.0, 0.0, 0.0]
[1.565094155E12, 1.15871498545704141E18, 4.0, 40.0, 0.0, 0.0, 0.0, 0.0, 0.0, 0.0, 0.0, 10.0, 0.0, 0.0, 0.0, 0.0, 0.0, 65.0, 20005.0, 18819.0, 0.0, 44.0, 0.0, 0.0, 0.0, 0.0]
[1.565037519E12, 1.15847744019437158E18, 5.0, 40.0, 0.0, 0.0, 0.0, 0.0, 0.0, 0.0, 0.0, 13.0, 3.0, 0.0, 0.0, 0.0, 0.0, 63.0, 411.0, 510.0, 0.0, 30.0, 0.0, 0.0, 0.0, 0.0]
[1.565034584E12, 1.15846512694256435E18, 5.0, 56.0, 0.0, 0.0, 0.0, 0.0, 0.0, 0.0, 0.0, 18.0, 1.0, 0.0, 0.0, 0.0, 0.0, 78.0, 3240.0, 2840.0, 0.0, 15.0, 0.0, 0.0, 0.0, 0.0]
[1.564914504E12, 1.15796147757326746E18, 7.0, 57.0, 0.0, 0.0, 0.0, 0.0, 0.0, 0.0, 0.0, 16.0, 3.0, 0.0, 0.0, 0.0, 0.0, 45.0, 203.0, 35.0, 0.0, 3.0, 0.0, 0.0, 0.0, 0.0]
[1.565036286E12, 1.15847226687275827E18, 6.0, 13.0, 0.0, 0.0, 0.0, 0.0, 0.0, 0.0, 0.0, 12.0, 1.0, 0.0, 0.0, 0.0, 0.0, 53.0, 738.0, 637.0, 0.0, 2.0, 0.0, 0.0, 0.0, 0.0]
[1.565022834E12, 1.1584158432833495E18, 8.0, 40.0, 0.0, 0.0, 0.0, 0.0, 0.0, 0.0, 0.0, 10.0, 0.0, 0.0, 0.0, 0.0, 0.0, 65.0, 4466.0, 3208.0, 0.0, 36.0, 0.0, 0.0, 0.0, 0.0]
[1.565040645E12, 1.15849055194522419E18, 2.0, 51.0, 0.0, 0.0, 0.0, 0.0, 0.0, 0.0, 0.0, 24.0, 2.0, 0.0, 0.0, 0.0, 0.0, 96.0, 216.0, 275.0, 0.0, 2.0, 0.0, 0.0, 0.0, 0.0]
[1.565034584E12, 1.15846512694256435E18, 5.0, 56.0, 0.0, 0.0, 0.0, 0.0, 0.0, 0.0, 0.0, 18.0, 1.0, 0.0, 0.0, 0.0, 0.0, 78.0, 3240.0, 2840.0, 0.0, 15.0, 0.0, 0.0, 0.0, 0.0]
[1.564949803E12, 1.15810953306933658E18, 13.0, 43.0, 0.0, 0.0, 0.0, 0.0, 0.0, 0.0, 0.0, 9.0, 0.0, 0.0, 0.0, 0.0, 0.0, 44.0, 124.0, 1.0, 0.0, 2.0, 0.0, 0.0, 0.0, 0.0]
[1.56487711E12, 1.15780463514873856E18, 8.0, 35.0, 0.0, 0.0, 0.0, 0.0, 0.0, 0.0, 0.0, 10.0, 0.0, 0.0, 0.0, 0.0, 0.0, 49.0, 1445.0, 4608.0, 0.0, 6.0, 0.0, 0.0, 0.0, 0.0]
[1.565011508E12, 1.15836833872631398E18, 1.0, 23.0, 0.0, 0.0, 0.0, 0.0, 0.0, 0.0, 0.0, 16.0, 0.0, 0.0, 0.0, 0.0, 0.0, 84.0, 1818.0, 1890.0, 0.0, 3.0, 0.0, 0.0, 0.0, 0.0]
[1.565015919E12, 1.15838684069039718E18, 23.0, 5.0, 0.0, 0.0, 0.0, 0.0, 0.0, 0.0, 0.0, 9.0, 0.0, 0.0, 0.0, 0.0, 0.0, 34.0, 45.0, 45.0, 0.0, 0.0, 0.0, 0.0, 0.0, 0.0]
[1.564919187E12, 1.15798111790506803E18, 6.0, 33.0, 0.0, 0.0, 0.0, 0.0, 0.0, 0.0, 0.0, 7.0, 0.0, 0.0, 0.0, 0.0, 0.0, 39.0, 31963.0, 526.0, 0.0, 607.0, 0.0, 0.0, 0.0, 0.0]
[1.565065722E12, 1.15859572935247053E18, 10.0, 42.0, 0.0, 0.0, 0.0, 0.0, 0.0, 0.0, 0.0, 10.0, 0.0, 0.0, 0.0, 0.0, 0.0, 67.0, 212597.0, 93339.0, 0.0, 305.0, 0.0, 11.109999656677246, 11.109999656677246, 11.109999656677246]
[1.564919417E12, 1.15798208213362688E18, 5.0, 55.0, 0.0, 0.0, 0.0, 0.0, 0.0, 0.0, 0.0, 103.0, 0.0, 0.0, 0.0, 0.0, 0.0, 223.0, 745.0, 770.0, 0.0, 10.0, 0.0, 0.0, 0.0, 0.0]
[1.564929929E12, 1.15802617391135949E18, 3.0, 61.0, 0.0, 0.0, 0.0, 0.0, 0.0, 0.0, 0.0, 11.0, 0.0, 0.0, 0.0, 0.0, 0.0, 59.0, 5693.0, 4413.0, 0.0, 187.0, 0.0, 0.0, 0.0, 0.0]
[1.565008614E12, 1.15835620226438758E18, 8.0, 42.0, 0.0, 0.0, 0.0, 0.0, 0.0, 0.0, 0.0, 8.0, 0.0, 0.0, 0.0, 0.0, 0.0, 42.0, 1454.0, 563.0, 0.0, 15.0, 0.0, 0.0, 0.0, 0.0]
[1.565055631E12, 1.15855340385909965E18, 13.0, 36.0, 0.0, 0.0, 0.0, 0.0, 0.0, 0.0, 0.0, 8.0, 0.0, 0.0, 0.0, 0.0, 0.0, 60.0, 219.0, 11.0, 0.0, 19.0, 0.0, 0.0, 0.0, 0.0]
[1.565121396E12, 1.15882924585197978E18, 2.0, 63.0, 0.0, 0.0, 0.0, 0.0, 0.0, 0.0, 0.0, 11.0, 0.0, 0.0, 0.0, 0.0, 0.0, 68.0, 851.0, 970.0, 0.0, 56.0, 0.0, 0.0, 0.0, 0.0]
[1.56501137E12, 1.1583677623408599E18, 7.0, 50.0, 0.0, 0.0, 0.0, 0.0, 0.0, 0.0, 0.0, 67.0, 0.0, 0.0, 0.0, 0.0, 0.0, 275.0, 795.0, 560.0, 0.0, 3.0, 0.0, 0.0, 0.0, 0.0]
[1.565128983E12, 1.15886106643836928E18, 6.0, 58.0, 0.0, 0.0, 0.0, 0.0, 0.0, 0.0, 0.0, 24.0, 0.0, 0.0, 0.0, 0.0, 0.0, 117.0, 4812.0, 5245.0, 0.0, 89.0, 0.0, 0.0, 0.0, 0.0]
[1.564927028E12, 1.15801400785022157E18, 6.0, 58.0, 0.0, 0.0, 0.0, 0.0, 0.0, 0.0, 0.0, 13.0, 0.0, 0.0, 0.0, 0.0, 0.0, 47.0, 14549.0, 3644.0, 0.0, 554.0, 0.0, 0.0, 0.0, 0.0]
[1.56491761E12, 1.15797450419231539E18, 5.0, 41.0, 0.0, 0.0, 0.0, 0.0, 0.0, 0.0, 0.0, 15.0, 0.0, 0.0, 0.0, 0.0, 0.0, 85.0, 1267.0, 4559.0, 0.0, 6.0, 0.0, 0.0, 0.0, 0.0]
[1.565030238E12, 1.15844690012894413E18, 2.0, 51.0, 0.0, 0.0, 0.0, 0.0, 0.0, 0.0, 0.0, 114.0, 0.0, 0.0, 0.0, 0.0, 0.0, 269.0, 2306.0, 5000.0, 0.0, 12.0, 0.0, 0.0, 0.0, 0.0]
[1.564943679E12, 1.15808384690815386E18, 1.0, 60.0, 0.0, 0.0, 0.0, 0.0, 0.0, 0.0, 0.0, 122.0, 0.0, 0.0, 0.0, 0.0, 0.0, 269.0, 85.0, 112.0, 0.0, 1.0, 0.0, 0.0, 0.0, 0.0]
[1.565025136E12, 1.15842550085291622E18, 5.0, 62.0, 0.0, 0.0, 0.0, 0.0, 0.0, 0.0, 0.0, 14.0, 0.0, 0.0, 0.0, 0.0, 0.0, 72.0, 47.0, 396.0, 0.0, 1.0, 0.0, 0.0, 0.0, 0.0]
[1.565056136E12, 1.15855552561483366E18, 5.0, 60.0, 0.0, 0.0, 0.0, 0.0, 0.0, 0.0, 0.0, 19.0, 0.0, 0.0, 0.0, 0.0, 0.0, 116.0, 7228.0, 6906.0, 0.0, 105.0, 0.0, 0.0, 0.0, 0.0]
[1.565113574E12, 1.15879643655902003E18, 2.0, 57.0, 0.0, 0.0, 0.0, 0.0, 0.0, 0.0, 0.0, 55.0, 0.0, 0.0, 0.0, 0.0, 0.0, 221.0, 1.0, 1.0, 0.0, 0.0, 0.0, 0.0, 0.0, 0.0]
[1.564890948E12, 1.15786267408201318E18, 6.0, 33.0, 0.0, 0.0, 0.0, 0.0, 0.0, 0.0, 0.0, 7.0, 0.0, 0.0, 0.0, 0.0, 0.0, 39.0, 707.0, 1760.0, 0.0, 1.0, 0.0, 0.0, 0.0, 0.0]
[1.564947386E12, 1.15809939209771008E18, 0.0, 38.0, 0.0, 0.0, 0.0, 0.0, 0.0, 0.0, 0.0, 105.0, 0.0, 0.0, 0.0, 0.0, 0.0, 253.0, 657.0, 120.0, 0.0, 34.0, 0.0, 0.0, 0.0, 0.0]
[1.56510172E12, 1.15874671630636646E18, 59.0, 9.0, 0.0, 0.0, 0.0, 0.0, 0.0, 0.0, 0.0, 16.0, 0.0, 0.0, 0.0, 0.0, 0.0, 86.0, 253.0, 478.0, 0.0, 1.0, 0.0, 0.0, 0.0, 0.0]
[1.565102987E12, 1.15875203139965747E18, 8.0, 47.0, 0.0, 0.0, 0.0, 0.0, 0.0, 0.0, 0.0, 14.0, 0.0, 0.0, 0.0, 0.0, 0.0, 66.0, 47.0, 92.0, 0.0, 5.0, 0.0, 0.0, 0.0, 0.0]
[1.565059845E12, 1.158571082649088E18, 23.0, 17.0, 0.0, 0.0, 0.0, 0.0, 0.0, 0.0, 0.0, 8.0, 0.0, 0.0, 0.0, 0.0, 0.0, 44.0, 259054.0, 733.0, 0.0, 1823.0, 0.0, 0.0, 0.0, 0.0]
[1.565050975E12, 1.15853387580865741E18, 0.0, 65.0, 0.0, 0.0, 0.0, 0.0, 0.0, 0.0, 0.0, 51.0, 0.0, 0.0, 0.0, 0.0, 0.0, 150.0, 12320.0, 11659.0, 0.0, 5.0, 0.0, 0.0, 0.0, 0.0]
[1.564969864E12, 1.15819367114296115E18, 1.0, 56.0, 0.0, 0.0, 0.0, 0.0, 0.0, 0.0, 0.0, 12.0, 1.0, 0.0, 0.0, 0.0, 0.0, 51.0, 291.0, 320.0, 0.0, 0.0, 0.0, 0.0, 0.0, 0.0]
[1.565115113E12, 1.1588028915342295E18, 10.0, 39.0, 0.0, 0.0, 0.0, 0.0, 0.0, 0.0, 0.0, 12.0, 0.0, 0.0, 0.0, 0.0, 0.0, 52.0, 183.0, 355.0, 0.0, 107.0, 0.0, 0.0, 0.0, 0.0]
[1.564935753E12, 1.15805060022906061E18, 12.0, 25.0, 0.0, 0.0, 0.0, 0.0, 0.0, 0.0, 0.0, 19.0, 1.0, 0.0, 0.0, 0.0, 0.0, 83.0, 140.0, 147.0, 0.0, 0.0, 0.0, 0.0, 0.0, 0.0]
[1.565110669E12, 1.15878425335568384E18, 2.0, 40.0, 0.0, 0.0, 0.0, 0.0, 0.0, 0.0, 0.0, 16.0, 1.0, 0.0, 0.0, 0.0, 0.0, 69.0, 28.0, 267.0, 0.0, 0.0, 0.0, 0.0, 0.0, 0.0]
[1.564900923E12, 1.15790451173173248E18, 9.0, 53.0, 0.0, 0.0, 0.0, 0.0, 0.0, 0.0, 0.0, 16.0, 0.0, 0.0, 0.0, 0.0, 0.0, 48.0, 1511.0, 3845.0, 0.0, 2.0, 0.0, 0.0, 0.0, 0.0]
[1.565090383E12, 1.15869916585084518E18, 4.0, 40.0, 0.0, 0.0, 0.0, 0.0, 0.0, 0.0, 0.0, 10.0, 0.0, 0.0, 0.0, 0.0, 0.0, 65.0, 25908.0, 25891.0, 0.0, 6.0, 0.0, 0.0, 0.0, 0.0]
[1.565013415E12, 1.15837633811129139E18, 10.0, 33.0, 0.0, 0.0, 0.0, 0.0, 0.0, 0.0, 0.0, 13.0, 0.0, 0.0, 0.0, 0.0, 0.0, 65.0, 832.0, 819.0, 0.0, 27.0, 0.0, 0.0, 0.0, 0.0]
[1.565013415E12, 1.15837633811129139E18, 10.0, 33.0, 0.0, 0.0, 0.0, 0.0, 0.0, 0.0, 0.0, 13.0, 0.0, 0.0, 0.0, 0.0, 0.0, 65.0, 832.0, 819.0, 0.0, 27.0, 0.0, 0.0, 0.0, 0.0]
[1.565010663E12, 1.15836479537392845E18, 3.0, 54.0, 0.0, 0.0, 0.0, 0.0, 0.0, 0.0, 0.0, 16.0, 0.0, 0.0, 0.0, 0.0, 0.0, 82.0, 640.0, 737.0, 0.0, 0.0, 0.0, 0.0, 0.0, 0.0]
[1.565021487E12, 1.15841019589629542E18, 8.0, 40.0, 0.0, 0.0, 0.0, 0.0, 0.0, 0.0, 0.0, 10.0, 0.0, 0.0, 0.0, 0.0, 0.0, 65.0, 8444.0, 8319.0, 0.0, 153.0, 0.0, 0.0, 0.0, 0.0]
[1.564879438E12, 1.15781439971909632E18, 9.0, 26.0, 0.0, 0.0, 0.0, 0.0, 0.0, 0.0, 0.0, 17.0, 3.0, 0.0, 0.0, 0.0, 0.0, 52.0, 54.0, 58.0, 0.0, 0.0, 0.0, 0.0, 0.0, 0.0]
[1.565127706E12, 1.15885570849183334E18, 5.0, 68.0, 0.0, 0.0, 0.0, 0.0, 0.0, 0.0, 0.0, 11.0, 0.0, 0.0, 0.0, 0.0, 0.0, 58.0, 293.0, 310.0, 0.0, 1.0, 0.0, 0.0, 0.0, 0.0]
[1.565114471E12, 1.15880019991090381E18, 14.0, 48.0, 0.0, 0.0, 0.0, 0.0, 0.0, 0.0, 0.0, 12.0, 0.0, 0.0, 0.0, 0.0, 0.0, 73.0, 244275.0, 560.0, 0.0, 1755.0, 0.0, 0.0, 0.0, 0.0]
[1.565109924E12, 1.15878112580598989E18, 6.0, 61.0, 0.0, 0.0, 0.0, 0.0, 0.0, 0.0, 0.0, 13.0, 0.0, 0.0, 0.0, 0.0, 0.0, 89.0, 378.0, 438.0, 0.0, 0.0, 0.0, 0.0, 0.0, 0.0]
[1.564931146E12, 1.15803127698240717E18, 5.0, 54.0, 0.0, 0.0, 0.0, 0.0, 0.0, 0.0, 0.0, 9.0, 0.0, 0.0, 0.0, 0.0, 0.0, 44.0, 65514.0, 7.0, 0.0, 221.0, 0.0, 0.0, 0.0, 0.0]
[1.564992845E12, 1.15829006400427622E18, 1.0, 23.0, 0.0, 0.0, 0.0, 0.0, 0.0, 0.0, 0.0, 18.0, 0.0, 0.0, 0.0, 0.0, 0.0, 86.0, 286.0, 0.0, 0.0, 6.0, 0.0, 0.0, 0.0, 0.0]
[1.565061639E12, 1.15857860672301466E18, 14.0, 10.0, 0.0, 0.0, 0.0, 0.0, 0.0, 0.0, 0.0, 10.0, 0.0, 0.0, 0.0, 0.0, 0.0, 32.0, 3227.0, 790.0, 0.0, 0.0, 0.0, 0.0, 0.0, 0.0]
[1.564891365E12, 1.15786442330374144E18, 12.0, 42.0, 0.0, 0.0, 0.0, 0.0, 0.0, 0.0, 0.0, 30.0, 0.0, 0.0, 0.0, 0.0, 0.0, 47.0, 309.0, 677.0, 0.0, 7.0, 0.0, 0.0, 0.0, 0.0]
[1.565034684E12, 1.15846554750962074E18, 4.0, 63.0, 0.0, 0.0, 0.0, 0.0, 0.0, 0.0, 0.0, 6.0, 0.0, 0.0, 0.0, 0.0, 0.0, 38.0, 15225.0, 5974.0, 0.0, 47.0, 0.0, 0.0, 0.0, 0.0]
[1.564890948E12, 1.15786267408201318E18, 6.0, 33.0, 0.0, 0.0, 0.0, 0.0, 0.0, 0.0, 0.0, 7.0, 0.0, 0.0, 0.0, 0.0, 0.0, 39.0, 707.0, 1760.0, 0.0, 1.0, 0.0, 0.0, 0.0, 0.0]
[1.565133325E12, 1.1588792798847017E18, 9.0, 25.0, 0.0, 0.0, 0.0, 0.0, 0.0, 0.0, 0.0, 8.0, 0.0, 0.0, 0.0, 0.0, 0.0, 32.0, 28630.0, 1383.0, 0.0, 684.0, 0.0, 0.0, 0.0, 0.0]
[1.564919111E12, 1.15798079815652966E18, 2.0, 58.0, 0.0, 0.0, 0.0, 0.0, 0.0, 0.0, 0.0, 105.0, 0.0, 0.0, 0.0, 0.0, 0.0, 227.0, 745.0, 770.0, 0.0, 10.0, 0.0, 0.0, 0.0, 0.0]
[1.565008537E12, 1.15835587840539034E18, 8.0, 42.0, 0.0, 0.0, 0.0, 0.0, 0.0, 0.0, 0.0, 8.0, 0.0, 0.0, 0.0, 0.0, 0.0, 42.0, 7696.0, 307.0, 0.0, 371.0, 0.0, 0.0, 0.0, 0.0]
[1.564922062E12, 1.15799317649532109E18, 8.0, 60.0, 0.0, 0.0, 0.0, 0.0, 0.0, 0.0, 0.0, 14.0, 0.0, 0.0, 0.0, 0.0, 0.0, 68.0, 3021.0, 3067.0, 0.0, 2.0, 0.0, 0.0, 0.0, 0.0]
[1.565120418E12, 1.15882514226217779E18, 2.0, 63.0, 0.0, 0.0, 0.0, 0.0, 0.0, 0.0, 0.0, 11.0, 0.0, 0.0, 0.0, 0.0, 0.0, 68.0, 552.0, 1135.0, 0.0, 7.0, 0.0, 0.0, 0.0, 0.0]
[1.564996236E12, 1.15830428485916262E18, 7.0, 50.0, 0.0, 0.0, 0.0, 0.0, 0.0, 0.0, 0.0, 67.0, 0.0, 0.0, 0.0, 0.0, 0.0, 275.0, 136.0, 1324.0, 0.0, 2.0, 0.0, 0.0, 0.0, 0.0]
[1.565115425E12, 1.15880420080280371E18, 6.0, 58.0, 0.0, 0.0, 0.0, 0.0, 0.0, 0.0, 0.0, 24.0, 0.0, 0.0, 0.0, 0.0, 0.0, 117.0, 49.0, 66.0, 0.0, 2.0, 0.0, 0.0, 0.0, 0.0]
[1.564897004E12, 1.15788807561325363E18, 39.0, 21.0, 0.0, 0.0, 0.0, 0.0, 0.0, 0.0, 0.0, 7.0, 0.0, 0.0, 0.0, 0.0, 0.0, 45.0, 1.0, 20.0, 0.0, 0.0, 0.0, 0.0, 0.0, 0.0]
[1.564881102E12, 1.15782137972870349E18, 5.0, 41.0, 0.0, 0.0, 0.0, 0.0, 0.0, 0.0, 0.0, 15.0, 0.0, 0.0, 0.0, 0.0, 0.0, 85.0, 970.0, 2505.0, 0.0, 37.0, 0.0, 0.0, 0.0, 0.0]
[1.564922062E12, 1.15799317649532109E18, 8.0, 60.0, 0.0, 0.0, 0.0, 0.0, 0.0, 0.0, 0.0, 14.0, 0.0, 0.0, 0.0, 0.0, 0.0, 68.0, 3021.0, 3067.0, 0.0, 2.0, 0.0, 0.0, 0.0, 0.0]
[1.565129999E12, 1.15886532754069504E18, 2.0, 38.0, 0.0, 0.0, 0.0, 0.0, 0.0, 0.0, 0.0, 111.0, 0.0, 0.0, 0.0, 0.0, 0.0, 276.0, 207.0, 91.0, 0.0, 20.0, 0.0, 0.0, 0.0, 0.0]
[1.564943542E12, 1.15808327063611392E18, 1.0, 60.0, 0.0, 0.0, 0.0, 0.0, 0.0, 0.0, 0.0, 122.0, 0.0, 0.0, 0.0, 0.0, 0.0, 269.0, 85.0, 112.0, 0.0, 1.0, 0.0, 0.0, 0.0, 0.0]
[1.565009954E12, 1.15836182339096576E18, 5.0, 62.0, 0.0, 0.0, 0.0, 0.0, 0.0, 0.0, 0.0, 14.0, 0.0, 0.0, 0.0, 0.0, 0.0, 72.0, 66.0, 301.0, 0.0, 4.0, 0.0, 0.0, 0.0, 0.0]
[1.565056131E12, 1.15855550260489421E18, 5.0, 60.0, 0.0, 0.0, 0.0, 0.0, 0.0, 0.0, 0.0, 19.0, 0.0, 0.0, 0.0, 0.0, 0.0, 116.0, 223.0, 696.0, 0.0, 8.0, 0.0, 0.0, 0.0, 0.0]
[1.565029769E12, 1.1584449328198697E18, 1.0, 56.0, 0.0, 0.0, 0.0, 0.0, 0.0, 0.0, 0.0, 104.0, 0.0, 0.0, 0.0, 0.0, 0.0, 247.0, 178.0, 550.0, 0.0, 14.0, 0.0, 0.0, 0.0, 0.0]
[1.565018968E12, 1.15839963098139034E18, 8.0, 47.0, 0.0, 0.0, 0.0, 0.0, 0.0, 0.0, 0.0, 14.0, 0.0, 0.0, 0.0, 0.0, 0.0, 66.0, 47.0, 92.0, 0.0, 5.0, 0.0, 0.0, 0.0, 0.0]
[1.565046696E12, 1.1585159293382615E18, 0.0, 65.0, 0.0, 0.0, 0.0, 0.0, 0.0, 0.0, 0.0, 51.0, 0.0, 0.0, 0.0, 0.0, 0.0, 150.0, 3970.0, 4451.0, 0.0, 38.0, 0.0, 0.0, 0.0, 0.0]
[1.565042411E12, 1.15849795553755136E18, 26.0, 30.0, 0.0, 0.0, 0.0, 0.0, 0.0, 0.0, 0.0, 14.0, 0.0, 0.0, 0.0, 0.0, 0.0, 52.0, 2149.0, 873.0, 0.0, 68.0, 0.0, 0.0, 0.0, 0.0]
[1.565039889E12, 1.1584873778301911E18, 76.0, 1.0, 0.0, 0.0, 0.0, 0.0, 0.0, 0.0, 0.0, 6.0, 0.0, 0.0, 0.0, 0.0, 0.0, 25.0, 7.0, 7.0, 0.0, 0.0, 0.0, 0.0, 0.0, 0.0]
[1.56498211E12, 1.15824503751749632E18, 1.0, 59.0, 0.0, 0.0, 0.0, 0.0, 0.0, 0.0, 0.0, 40.0, 0.0, 0.0, 0.0, 0.0, 0.0, 174.0, 92075.0, 1944.0, 0.0, 3152.0, 0.0, 0.0, 0.0, 0.0]
[1.565114962E12, 1.1588022590624727E18, 10.0, 39.0, 0.0, 0.0, 0.0, 0.0, 0.0, 0.0, 0.0, 12.0, 0.0, 0.0, 0.0, 0.0, 0.0, 52.0, 16.0, 26.0, 0.0, 1.0, 0.0, 0.0, 0.0, 0.0]
[1.565116125E12, 1.15880713680737485E18, 4.0, 48.0, 0.0, 0.0, 0.0, 0.0, 0.0, 0.0, 0.0, 15.0, 1.0, 0.0, 0.0, 0.0, 0.0, 78.0, 1154.0, 1476.0, 0.0, 1.0, 0.0, 0.0, 0.0, 0.0]
[1.565104301E12, 1.15875754471165952E18, 2.0, 40.0, 0.0, 0.0, 0.0, 0.0, 0.0, 0.0, 0.0, 16.0, 1.0, 0.0, 0.0, 0.0, 0.0, 69.0, 680.0, 802.0, 0.0, 35.0, 0.0, 0.0, 0.0, 0.0]
[1.565025085E12, 1.15842528627646054E18, 5.0, 54.0, 0.0, 0.0, 0.0, 0.0, 0.0, 0.0, 0.0, 17.0, 0.0, 0.0, 0.0, 0.0, 0.0, 108.0, 39.0, 98.0, 0.0, 1.0, 0.0, 0.0, 0.0, 0.0]
[1.56508971E12, 1.15869634321865523E18, 4.0, 40.0, 0.0, 0.0, 0.0, 0.0, 0.0, 0.0, 0.0, 10.0, 0.0, 0.0, 0.0, 0.0, 0.0, 65.0, 87.0, 119.0, 0.0, 6.0, 0.0, 0.0, 0.0, 0.0]
[1.564975392E12, 1.1582168593525719E18, 8.0, 40.0, 0.0, 0.0, 0.0, 0.0, 0.0, 0.0, 0.0, 10.0, 0.0, 0.0, 0.0, 0.0, 0.0, 65.0, 300.0, 426.0, 0.0, 6.0, 0.0, 0.0, 0.0, 0.0]
[1.565121706E12, 1.1588305424455639E18, 3.0, 58.0, 0.0, 0.0, 0.0, 0.0, 0.0, 0.0, 0.0, 9.0, 0.0, 0.0, 0.0, 0.0, 0.0, 40.0, 783.0, 512.0, 0.0, 2.0, 0.0, 0.0, 0.0, 0.0]
[1.565109815E12, 1.1587806682492887E18, 6.0, 61.0, 0.0, 0.0, 0.0, 0.0, 0.0, 0.0, 0.0, 13.0, 0.0, 0.0, 0.0, 0.0, 0.0, 89.0, 24496.0, 21709.0, 0.0, 30.0, 0.0, 0.0, 0.0, 0.0]
[1.564919093E12, 1.15798072485686067E18, 16.0, 38.0, 0.0, 0.0, 0.0, 0.0, 0.0, 0.0, 0.0, 9.0, 0.0, 0.0, 0.0, 0.0, 0.0, 44.0, 9866.0, 85.0, 0.0, 249.0, 0.0, 0.0, 0.0, 0.0]
[1.564986163E12, 1.15826203796277248E18, 1.0, 23.0, 0.0, 0.0, 0.0, 0.0, 0.0, 0.0, 0.0, 16.0, 0.0, 0.0, 0.0, 0.0, 0.0, 84.0, 11235.0, 0.0, 0.0, 181.0, 0.0, 0.0, 0.0, 0.0]
[1.565097899E12, 1.15873069051251098E18, 26.0, 20.0, 0.0, 0.0, 0.0, 0.0, 0.0, 0.0, 0.0, 7.0, 0.0, 0.0, 0.0, 0.0, 0.0, 25.0, 297.0, 214.0, 0.0, 0.0, 0.0, 0.0, 0.0, 0.0]
[1.564942955E12, 1.15808080660416102E18, 4.0, 54.0, 0.0, 0.0, 0.0, 0.0, 0.0, 0.0, 0.0, 11.0, 0.0, 0.0, 0.0, 0.0, 0.0, 55.0, 416.0, 552.0, 0.0, 3.0, 0.0, 0.0, 0.0, 0.0]
[1.565066886E12, 1.15860061384183398E18, 7.0, 42.0, 0.0, 0.0, 0.0, 0.0, 0.0, 0.0, 0.0, 12.0, 0.0, 0.0, 0.0, 0.0, 0.0, 63.0, 441.0, 647.0, 0.0, 6.0, 0.0, 0.0, 0.0, 0.0]
[1.564919333E12, 1.15798172860832973E18, 1.0, 62.0, 0.0, 0.0, 0.0, 0.0, 0.0, 0.0, 0.0, 103.0, 0.0, 0.0, 0.0, 0.0, 0.0, 222.0, 745.0, 770.0, 0.0, 10.0, 0.0, 0.0, 0.0, 0.0]
[1.564914408E12, 1.15796107392181043E18, 4.0, 59.0, 0.0, 0.0, 0.0, 0.0, 0.0, 0.0, 0.0, 15.0, 0.0, 0.0, 0.0, 0.0, 0.0, 88.0, 1295.0, 30.0, 0.0, 1.0, 0.0, 0.0, 0.0, 0.0]
